65464208 0.25911117 0.015268249 -0.34458342 2.3818269252073217E-4 7.570073942133588E-4
65464260 0.1567241 0.08217911 -0.7191046 8.225935466970876E-4 7.652413623063132E-4
65464281 0.27782226 0.067509614 -0.57570285 6.675145396288633E-4 7.718415431497433E-4
65464293 -0.062270507 0.13322297 -0.28740233 0.0019929138719534277 7.916685051750625E-4
65464309 0.13786331 -0.05598358 -0.41149428 0.0014308228788851574 8.060343718019442E-4
65464312 0.47136977 -0.015268249 -0.11690689 0.001278457231225349 8.187924135697354E-4
65464325 0.5692662 0.082628176 0.1513353 0.0021055459341510607 8.398684356728389E-4
65464344 0.5707631 -0.15238312 0.65084654 5.755762962949646E-4 8.456473845757322E-4
65464345 0.38275406 -0.019758912 0.63647646 3.7779421272864544E-4 8.494290162413001E-4
65464393 0.72868466 0.104632415 -1.2123289 0.0010505391609750689 8.599767277706116E-4
65464408 0.40820113 0.45969406 -0.8053253 0.005651968650478721 9.165516057492708E-4
65464411 0.4894821 0.291893 -0.29922774 0.008573749331280113 0.0010023728302980411
65464425 0.5053491 0.3213817 -0.062869266 0.011790704826026083 0.0011203950265816329
65464431 1.1630814 0.043709107 0.73033124 0.01222822271288679 0.0012427966623052922
65464442 1.1621833 0.24653733 0.13621673 0.014696003674093941 0.0013899002202181127
65464458 1.2223581 0.11496094 -1.0919793 0.0158467356545812 0.0015485223201375917
65464460 0.72269714 0.20477417 -1.3897101 0.017896477190275976 0.0017276618690365917
65464476 0.59665924 0.19070344 -1.576821 0.019811193664140785 0.0019265718599923722
65464483 0.1646576 0.726589 -1.866768 0.027084179773219072 0.0021976781618242283
65464493 -0.34877473 0.7685019 -1.9529887 0.034800156112209164 0.002547081577634988
65464501 -0.30087432 0.79230237 -0.18561402 0.042706737954139554 0.0029732627069503593
65464513 0.051941987 0.8270302 1.6666342 0.0509851165497435 0.003483611793096019
65464525 0.25656646 0.0755928 1.5531702 0.05174178272319348 0.004001534878836246
65464530 0.56193143 -0.83541274 1.0765613 0.043404991801314664 0.004434684056459532
65464544 1.027164 -0.37212616 -0.23291565 0.03966873945048101 0.004832969466464365
65464551 1.0312057 0.1992357 -2.1424947 0.0416691221880896 0.005251339245594364
65464562 1.1617341 0.31135255 -1.5048207 0.04477618650978588 0.005698171915269772
65464579 1.0469229 0.20567231 -1.26472 0.04684119469542743 0.0061684707660699615
65464581 0.67674273 -0.46119094 -1.3301339 0.042224781315221796 0.0065911309464365036
65464595 0.30566436 -0.5535489 -0.71536237 0.03668388718577356 0.006958328036452608
65464604 0.2969824 0.007933502 -0.5481601 0.03676305757059335 0.007325195705187837
65464612 0.99902254 0.14489868 -0.41493714 0.03821788149745976 0.007708914089300678
65464629 1.8395247 -0.103434905 0.47466293 0.03718252240151031 0.008081102400647031
65464634 1.9978954 -0.15777192 0.8175998 0.03560326244901277 0.008437482726598236
65464648 2.3605912 -0.2776726 -0.30341902 0.03283229882232381 0.008765124378956313
65464651 2.3207738 -0.21659958 -1.7136365 0.030657577705038675 0.009072935135209393
65464676 1.4171032 -0.15986755 -2.2281165 0.02905734088946719 0.009363792318095192
65464677 0.23306534 -0.1088237 -2.3538551 0.02796804120862659 0.00964374583810386
65464681 -0.055534516 -0.0411644 -1.4334192 0.02755599521518024 0.009919574902104933
65464697 -0.90756273 0.09310638 -0.24324417 0.028487968308054248 0.010204732798683972
65464701 -1.2322376 -0.07768845 -0.6271957 0.027710325199047404 0.010482106642000015
65464713 -1.2981006 0.4590953 -0.9476793 0.03230576171617909 0.010805479757230726
65464732 -0.85921323 0.9663904 -1.1567944 0.04197910223138138 0.011225680705477829
65464733 -0.4629872 1.8467097 -1.3428575 0.060520592368483506 0.011833324640705635
65464747 0.24099883 1.7800983 -0.4537065 0.07833895821910557 0.0126174792028237
65464754 0.31255004 0.88451064 -0.5093907 0.08719270271327648 0.013490257753891162
65464763 0.5522017 0.062869266 -1.9142194 0.08782200928841125 0.014369335428695975
65464771 0.6297405 0.082777865 -2.3528073 0.08865059634935346 0.015256707153913458
65464784 0.07768845 0.5917195 -1.234932 0.09457357016378107 0.01620336646103749
65464799 -0.29788056 1.1452684 -0.086819455 0.1060374381125659 0.017264776297746316
65464802 0.11975098 0.9473799 1.6140934 0.1155204890955837 0.018421109361798662
65464816 0.7009923 0.4538562 1.2735516 0.12006348345503053 0.019622916736328388
65464821 0.27138564 0.91100556 0.75652677 0.1291824349901246 0.020916002552707313
65464832 0.38335282 1.1796968 -0.436642 0.1409909238923029 0.022327288708993073
65464848 0.37541932 1.3278886 -0.97971267 0.15428277680434802 0.023871623048352046
65464851 -0.027393036 1.0903326 -0.7887099 0.1652300260368705 0.025530579435089622
65464866 -0.41239244 0.954565 0.37467086 0.1747849972501156 0.027280136183088926
65464874 -0.5081932 0.35895357 0.77419007 0.17837803844422603 0.029065658607454633
65464884 -0.728535 -0.13157639 1.5841557 0.17706098957846708 0.030837997680863528
65464892 -0.8906479 -0.11181747 1.1711645 0.17594172296402585 0.03259913298142853
65464904 -0.05882767 -0.65099627 1.7173787 0.16940553620341461 0.03430001250667756
65464917 0.032332763 -0.61596906 1.499432 0.16323983003104156 0.035934005007168056
65464921 0.4403842 -0.511636 2.0309765 0.1581184732061519 0.037516733924238904
65464935 0.2639012 -0.7688013 2.411635 0.15044641465099234 0.03901807600675199
65464941 0.30087432 -1.146915 3.2136672 0.13893106388616222 0.040412983205660134
65464952 0.42706192 -0.49097902 3.5184333 0.13403146252442688 0.041750516409994096
65464970 -0.3650908 -0.6373746 3.5110986 0.12765149212521487 0.043028277975718336
65464972 -0.39772293 -1.5343094 3.091072 0.1122465916680997 0.0441552655218515
65464988 -0.15881974 -1.201701 3.3311727 0.10021784660703176 0.045158422615193934
65465005 0.11795471 -1.427282 3.000211 0.08593108801379508 0.04601857269833743
65465007 0.47870454 -1.2636722 2.2468276 0.07328202466449255 0.04675210861723523
65465019 1.4078224 -0.6186635 1.5889457 0.06708934851732874 0.04742365722989679
65465022 1.6347505 -0.014819183 1.2109817 0.06694101195931516 0.04809372109541274
65465035 2.0116668 0.28455827 0.8378078 0.06979805748397351 0.0487945133454021
65465049 1.9414628 -0.20776795 0.7312294 0.06771834893710575 0.04947235817216888
65465051 1.3922548 -0.12903167 2.6267376 0.06643070987164769 0.0501352867007941
65465062 1.598975 -0.04700226 1.8416203 0.06595879388320368 0.05079753165772013
65465074 1.2608281 -0.2866539 2.2254221 0.06308945536008714 0.051429042342942044
65465085 1.7519568 -0.42436752 2.8171418 0.058841636238952416 0.052018033293909444
65465095 1.963018 -0.5816904 3.3621583 0.05301905174042358 0.052548741595372976
65465105 1.9094293 -0.57914567 3.814817 0.047221939104439635 0.053021422155874666
65465111 1.5578105 -0.67704207 3.1717544 0.040444907118145544 0.05342626617157413
65465124 1.400787 -0.83511335 2.9701235 0.03208561793543597 0.05374743569907325
65465137 1.4476396 -0.9883946 2.0085232 0.022192020081647234 0.053969572604965814
65465141 1.2570859 -1.0753638 1.1648777 0.011395062575870352 0.054083982269425325
65465631 1.1557466 1.1106904 10.1333275 0.011117749444328548 0.05419526832869193
65465634 1.5679893 1.9288888 11.268118 0.03048434077825761 0.05450133976765842
65465648 5.590275 3.243605 11.057506 0.06295206356461859 0.05513147513020531
65465657 9.178912 3.786526 10.507699 0.10085430242455959 0.056141003097568386
65465665 11.326796 4.6978307 5.634882 0.14787848820927618 0.057621232160977
65465683 11.643986 5.7496934 3.42862 0.2054315679023385 0.05967755387926095
65465685 11.818374 6.4021864 3.6982095 0.26951595559203767 0.06237534552800364
65465700 11.932436 7.523954 1.954785 0.34505858217400454 0.0658398313446094
65465705 11.953393 7.9314065 3.567681 0.4244501052694168 0.07008847757703163
65465718 11.908636 7.906558 3.4482293 0.5035928931766882 0.07512932409340038
65465723 11.727962 7.491172 1.4813195 0.5783491547472601 0.08090081373921366
65465735 11.070828 6.3578787 4.4614725 0.6419900326404734 0.08732698374027717
65465750 7.9740677 5.825586 0.8631052 0.7003027837331334 0.09433685073459444
65465753 6.58346 5.725444 1.6233742 0.7576131310924998 0.10192038013774456
65465768 6.101462 4.65023 1.7687219 0.8041608445467816 0.10996984201802022
65465772 4.9948134 3.9546263 -2.5077353 0.8437457286453662 0.11841553932525983
65465785 3.849395 3.09212 -2.0145109 0.8746971225182507 0.12717105196784373
65465801 2.8369007 2.921325 -8.134384 0.9039389018612717 0.13621926885377203
65465804 0.6218069 1.3735437 -14.281352 0.9177296697169112 0.14543353445522636
65465818 -1.8753003 2.469864 -12.442126 0.9424524293236922 0.15486726273888807
65465835 -2.0757334 1.4468912 -7.553143 0.9569354701023643 0.16444596191477726
65465836 -2.5050406 -0.9725276 -0.31748977 0.9472006961658307 0.17392721923843432
65465849 -3.6869829 -1.2457095 1.3043876 0.9347314364275898 0.18328366125518694
65465855 -4.863985 0.58468413 -1.7257613 0.9405839877881345 0.19269868687629302
65465866 -4.40489 -1.6284636 3.4765205 0.9242834479532849 0.2019505479079786
65465872 -3.361859 -1.0078541 -2.3939717 0.9141335508422982 0.2111566040718012
65465885 -4.681365 0.7723938 4.792135 0.9218414611247838 0.22035588955088925
65465899 -6.4855633 1.8447638 -5.969287 0.9403071128008426 0.22976814277785418
65465902 -6.7463207 1.919159 -5.1645603 0.959517445855733 0.23937268788378774
65465917 -6.0394907 1.5105089 1.2347822 0.9746372849242954 0.249128578066118
65465922 -6.6861463 1.5670912 -2.99587 0.9903235014029917 0.25904148457946263
65465934 -7.156019 2.740651 -1.0114467 1.0177567755221824 0.2692289917473542
65465950 -8.134534 3.2168107 -2.1348605 1.0499562947114758 0.2797388075176868
65465952 -7.815248 0.085472256 -3.1925611 1.0508144603498142 0.29028928208009125
65465968 -7.0380645 -1.0171349 1.3677058 1.0406331779617188 0.30070577668332443
65465972 -8.827892 1.445095 -3.6896772 1.0550982401893982 0.3112670631746321
65465985 -8.877589 3.4100587 -0.9942325 1.0892321267809746 0.32217002079415985
65466003 -4.4803333 2.8421397 1.1280541 1.1177680167466595 0.33339272912841306
65466004 -0.3409909 1.8390756 0.5590874 1.136120607903909 0.3447303584325969
65466019 2.3942711 1.2799883 -2.8120522 1.1489329898783438 0.35623090766202653
65466022 4.3954597 1.0053095 -9.159303 1.1589959023560281 0.3678321854395692
65466036 4.1683817 0.85846484 -6.1599903 1.1676151322658028 0.3795553718026003
65466053 1.6199313 2.330354 -5.350623 1.1908703125130677 0.3914393619870057
65466055 0.66910857 2.241888 -5.0370255 1.213379502951882 0.40362203558304194
65466070 0.37826338 0.70967424 2.6279352 1.2204831760220878 0.41583878658195983
65466075 0.8399034 -1.1035053 1.4697936 1.2094373477553664 0.4279449702152143
65466088 1.8992505 -0.5266049 7.49222 1.2041661560237689 0.4399983916621317
65466093 1.4525794 1.2657678 2.9352462 1.2168361956395168 0.45217863724081353
65466105 0.47166917 0.66955763 1.1987072 1.2235383101799415 0.46442596819421184
65466119 0.022602998 0.3767665 1.0277628 1.2273096547101805 0.47671105064740155
65466123 1.103655 0.55549484 0.5965096 1.232870027566476 0.4890517898988855
65466138 1.5039226 1.0660831 1.38492 1.243541269669933 0.5014993470196244
65466143 0.6712042 0.36404297 0.26914033 1.2471963640883743 0.5140215514716427
65466155 3.4922378 -1.4762301 -1.3105247 1.2324196457797758 0.5263577837397012
65466171 4.1439824 -2.1070185 -9.666149 1.2113288839297487 0.5384829024168791
65466174 4.098926 -2.7283764 -6.1891794 1.1839352128581906 0.5503699470076406
65466188 5.311255 -4.0055203 -0.6351292 1.1438408955142283 0.5618195255691276
65466196 6.259234 -4.7587543 -1.0687774 1.0962068789863153 0.572792299915371
65466205 6.036647 -4.8273115 3.459456 1.047886620303971 0.5832813997791445
65466218 3.389252 -2.4451652 2.9961693 1.0234110916930286 0.5935255043053852
65466232 2.1415966 1.0050101 8.954828 1.0334403370030643 0.6038384617215423
65466236 3.3153057 3.426375 7.063062 1.067737548103077 0.6145262647274679
65466244 1.9702029 1.9109262 6.2963567 1.0869237881721223 0.625439287160148
65466257 -0.49097902 0.27273285 9.195678 1.089645456958833 0.6363131294072135
65466263 -2.4658222 0.09131012 0.43035507 1.0905622364156322 0.6472626828899394
65466273 -4.302802 -0.13037887 -8.354278 1.0892571744140054 0.6581658923196447
65466290 -4.006269 1.0328522 -11.147469 1.099595782976841 0.6691725888018297
65466293 -2.3743625 3.1070888 -3.670068 1.1306970117414645 0.6804906001755641
65466307 -0.40386018 3.6568954 -3.674409 1.1673016789728683 0.6921750168334896
65466316 1.0283616 2.3213727 -6.431376 1.1905380769733322 0.7040920243980826
65466325 0.683329 0.62195665 -3.9245389 1.196763716844409 0.7160713479642217
65466343 -1.7524059 2.209256 -2.9933252 1.2188778517754741 0.7282720300430768
65466344 -1.9172131 3.5048118 -2.2397923 1.2539601974047934 0.7408238781924126
65466359 0.37047958 7.144942 11.599528 1.325479385829469 0.7540916153569099
65466368 0.6731502 8.792715 9.10766 1.4134924062111867 0.7682403435858609
65466376 -0.8244855 6.441405 -0.5893245 1.4779693611655391 0.7830344710462974
65466383 -1.703308 4.0552173 -2.2664368 1.51856113302297 0.7982349111259911
65466396 -2.5825796 4.201912 -1.1511062 1.5607495179037914 0.8139052779778587
65466409 -1.355132 3.5971696 3.1320868 1.5967563442392734 0.8298884353427093
65466413 -1.1461666 -2.91414 -7.985444 1.5675864848877876 0.8455796092411986
65466427 -2.5577312 -5.9430914 -7.6466985 1.5080975366751688 0.8606753111803959
65466433 -7.7637553 -7.7824664 0.38963974 1.4301968689922875 0.8749912471729413
65466443 -12.038865 -9.313782 4.903353 1.3369681025308007 0.8883739836917706
65466461 -13.624218 -7.5023985 9.473051 1.2618708491980808 0.9010050156144647
65466464 -14.716646 -6.5334635 8.386161 1.19647240861287 0.9129814244501359
65466477 -13.548626 -6.897806 9.197024 1.1274269898596179 0.924266703673288
65466494 -9.205407 -5.696554 -2.98629 1.0681458329235636 0.935382356874732
65466496 -4.188889 -3.4682877 -7.6697507 1.0348050548755343 0.9453299761550376
65466510 -4.0311174 0.10957214 -1.5754738 1.0359018463807026 0.9556991112362764
65466513 -3.2913556 1.3302836 -3.8452039 1.0492176743489003 0.966201534639573
65466526 3.2582743 3.5684295 3.5043626 1.0850457160938654 0.9770957006970931
65466547 8.132439 7.609426 4.6590614 1.1612142899641513 0.9887191840154904
65466549 8.835976 11.10376 0.7140152 1.27269918037504 1.001497443960324
65466563 6.681356 10.570718 4.024531 1.3781869949548589 1.0152507137733533
65466566 4.3017545 6.609356 3.368595 1.444345094580618 1.029708268749008
65466580 1.5289207 3.9766304 1.8767972 1.4841502348465363 1.0445642653086669
65466585 -2.0564237 0.025297394 8.066425 1.4844034558411099 1.0594227965512277
65466597 -3.3302746 -2.226021 4.074078 1.4621215082314742 1.0740582892500703
65466603 -1.6603473 -1.825454 4.475094 1.4437934316760896 1.0885543853414328
65466616 0.80727124 0.09999207 0.43035507 1.444794328764838 1.1030164370457016
65466633 2.8659403 2.959795 1.1585907 1.4744211841044794 1.1177750480840303
65466635 2.0116668 3.886518 -1.3699511 1.5133243159683285 1.132923068855659
65466649 1.9782861 4.2378373 0.5029541 1.5558734061527673 1.14854447972148
65466666 -2.1661456 2.9409342 -1.4486874 1.5852217176987724 1.1643638003773822
65466682 -1.7537531 1.7838405 2.6822722 1.6209333686297265 1.1968141261995995
65466685 -1.8190173 0.26479936 2.021247 1.623583947960048 1.2130658199764517
65466699 -2.106719 -1.3193564 -2.891537 1.6103774987100623 1.2291853219102047
65466717 -1.0807526 -2.3989115 -1.9438577 1.586364956179234 1.245064463912159
65466719 -1.2861255 -4.0008802 -9.419462 1.5463170851697363 1.2605427345501932
65466734 -1.239273 -4.31373 -7.070846 1.5031376596545605 1.275588790789123
65466736 -1.3230987 -3.2895594 -7.830067 1.47020994017462 1.290305248261145
65466750 -1.6998651 -1.5073655 -6.652167 1.455075564319945 1.304914618713302
65466757 -0.76925033 0.75877213 -0.45879593 1.4626706950776498 1.319555608643416
65466768 -0.723745 2.1013303 -3.7544925 1.4837045194722067 1.334407143696475
65466774 -1.7357904 0.27318192 2.477947 1.4864390065196234 1.349286050325009
65466786 -3.1946566 -1.8049465 -1.3006454 1.468371915798781 1.3639841081347546
65466798 -3.190166 -1.6102016 -1.4694942 1.452254174597845 1.3785208325950022
65466804 -3.6765046 -1.2573853 0.6647676 1.4392075741231747 1.3934540172823302
65466816 -4.5484414 -1.3124707 -2.218686 1.426550692300075 1.4072110359172634
65466824 -3.7821848 -2.0333717 0.8428972 1.4061971175228263 1.4212867400135414
65466834 -3.2404613 -2.4551945 -4.893025 1.3816211978161288 1.4351164435226993
65466850 -1.8398241 -2.3474185 -5.1717453 1.358052448940628 1.4487516757969587
65466854 -0.36928207 -4.746031 -4.572691 1.310690630496994 1.4618313826499647
65466868 1.6453785 -6.305188 -4.4743457 1.2471923413837587 1.4743916072815724
65466891 3.344495 -5.788912 4.467011 1.1892466886763498 1.4862956883514975
65466903 1.7251625 -2.7220893 4.702621 1.1619992118461486 1.4979270285542619
65466904 -0.21121079 -0.9090596 5.109026 1.1528997390379017 1.5094672840105925
65466908 -2.5912614 2.6656568 6.3114753 1.1795823398926442 1.5212746272106503
65466920 -6.5845075 5.3411927 3.7863762 1.233046429203976 1.5336171334341178
65466925 -10.823842 8.359666 9.980795 1.316724720047868 1.5467972384514876
65466936 -12.441977 8.755293 4.7767167 1.4043631531628162 1.5608545849936697
65466952 -6.7276096 6.1055036 -0.613125 1.4680863670753166 1.5761770200238712
65466954 0.1115181 0.9836046 -1.3193564 1.477511776938806 1.590335304699111
65466969 5.3009267 -4.691544 -3.4831069 1.4304073469102134 1.6046969992673688
65466974 5.7303834 -5.7972946 1.1576926 1.3723777843639946 1.6184341797524509
65466986 4.2402325 -3.5786083 5.3884945 1.3365567529309879 1.6318128000950098
65467003 3.5067577 -1.7771045 3.3346157 1.3187683545360163 1.645013361413352
65467005 2.7105634 -0.50011003 5.5619836 1.313762370159719 1.658163815318256
65467019 0.8586145 0.26569748 2.0422032 1.3164219397537817 1.6713408908924576
65467026 -2.0196002 0.5162764 0.63812304 1.3215897453846424 1.6845696936701677
65467036 -3.0567935 0.65997756 2.5397685 1.3281959662781968 1.6978646244947564
65467044 -3.0346394 0.67389864 -0.40655458 1.3349415332713377 1.7112270755315422
65467056 -0.85786605 -0.31225067 3.1241534 1.3318064478274865 1.7245987905007614
65467071 -0.13232483 0.28081605 0.8520282 1.334617350480036 1.737957996543989
65467075 0.6646179 0.26824218 -0.2642006 1.3373023919366438 1.7513440805585152
65467088 1.5805632 -0.07200027 3.6902761 1.3365816860562614 1.764722950475824
65467095 1.6860938 0.3408412 0.183219 1.3399934264098976 1.7781359697757317
65467105 1.4087205 0.848286 -0.39727387 1.3484845705014312 1.7916339847810616
65467122 1.1008109 1.1177257 1.1585907 1.3596727423926074 1.805243989409317
65467124 0.30057496 1.3522879 -3.5128949 1.3732088277213959 1.8189894884439426
65467138 -1.0529104 2.8045678 0.31210098 1.401281895269399 1.8330159923156257
65467147 -1.8833835 3.8323307 -2.3177803 1.4396426250160745 1.8474264766760198
65467155 -2.9374914 4.0689883 -1.4831158 1.4804964193048151 1.8622910797063268
65467172 -2.0204983 3.2588732 1.6630417 1.5132164319963655 1.877484202437037
65467177 0.0029937744 0.60429335 -2.3104453 1.5192468251648912 1.8926451432785703
65467189 1.4087205 0.13292359 3.0433214 1.5205814156073598 1.9079122110158087
65467194 1.6106507 1.2591815 0.0291893 1.5331855277686959 1.9232590393833597
65467207 2.3269112 1.4162049 -0.11555969 1.5473614063033492 1.9387477634305257
65467215 2.1094134 1.2102333 1.0154883 1.5594386248485361 1.9543097882086682
65467224 1.0590477 0.7912546 -2.6412575 1.567383044756992 1.97004675754743
65467240 0.72164935 0.38919067 1.6560063 1.571278752331394 1.9857748901790393
65467244 -0.049846344 0.15223342 -2.8786638 1.5728025732610165 2.0015182759015797
65467257 0.046403505 -0.03502716 -0.90471864 1.5724519596083812 2.017258150491049
65467275 0.38993913 0.3052153 -0.27976823 1.5755070933322874 2.0330286078266453
65467277 0.58213943 -5.987549E-4 -2.4752526 1.5755010999363614 2.0487990035942496
65467291 1.3078303 0.1844165 1.7733623 1.5773526939978983 2.0646360726101536
65467294 1.5479311 -0.29817992 -4.9159274 1.5743770825828107 2.0803471719627638
65467308 1.7001644 -0.83122146 -3.302732 1.5660313838757245 2.0960705702437576
65467326 1.4985337 -0.6569838 -3.9679487 1.5594551298441859 2.1116803511809974
65467328 1.054108 -1.1054512 -5.213359 1.5483898228506174 2.127179369436124
65467342 1.113684 -1.1552975 -0.36733612 1.536825565037294 2.142562633724965
65467347 0.9039702 -1.8278489 -3.9962397 1.5185292269798212 2.1577627544326643
65467359 1.3328284 -2.6249413 -2.5628207 1.492254178312311 2.172699869570093
65467364 3.0859826 -3.5390904 -3.0329928 1.4568287116057763 2.187282384075348
65467377 4.1212296 -3.8194573 -5.411846 1.418596841679747 2.2014822050903047
65467392 5.2009344 -3.6736605 -0.29952714 1.3818243595437516 2.2153139435824376
65467394 4.572242 -3.4395475 -4.322112 1.3473952969744625 2.228801053867257
65467411 3.9830673 -3.3165033 -0.5854326 1.314197875139751 2.241955867075103
65467414 3.3582664 -3.1244526 -2.4081922 1.282922835826324 2.254797624457781
65467427 3.0633798 -3.01024 -4.088448 1.2527910400522386 2.2673377683628093
65467444 2.9184809 -3.3465908 -0.54890853 1.2192924496732023 2.279542600469605
65467446 1.9559826 -3.5973194 -5.523963 1.1832841246068109 2.291386997668434
65467461 1.6265177 -3.3015344 -1.5509248 1.1502365409803414 2.30290059513806
65467464 1.319057 -3.1496003 -3.9261854 1.1187097793100271 2.3140986182508647
65467477 0.7909552 -3.4082625 -1.9907103 1.0845938727145383 2.3249551480371773
65467495 -0.89768326 -2.9349468 -4.701573 1.0552157422699655 2.335517610696816
65467496 -2.0249891 -2.2478755 -5.2763777 1.0327150349978846 2.3458548465418265
65467511 -3.611839 -2.1799169 -5.0011 1.0108945795230286 2.355973663722626
65467514 -4.2239165 -2.4363337 -3.8100271 0.9864330976949075 2.3658777321704823
65467530 -4.813989 -3.1804361 0.3329077 0.9545976793926719 2.3754330306107483
65467550 -5.0707054 -3.7796402 1.6139438 0.9167643654489616 2.384609627386031
65467561 -5.716163 -4.517456 5.271887 0.8715456919437126 2.3933335949491497
65467562 -7.320078 -4.57329 4.233646 0.8257681304826721 2.4015993407055385
65467567 -7.9959226 -4.7623467 5.219496 0.7780981539589914 2.4093879211517
65467579 -8.453371 -5.4615426 2.0511847 0.7234293959319028 2.4166292793990705
65467588 -7.831564 -6.0188336 0.9630972 0.6629985968652848 2.4232859736031993
65467596 -5.9812617 -6.7985625 -1.5045214 0.5949465836351828 2.4292412490929403
65467612 -4.302054 -6.9046917 -0.7592212 0.5258322354544082 2.434504706725096
65467617 -1.7503102 -6.853498 2.247127 0.4572303312263622 2.4390814748915437
65467630 -0.63752425 -6.2266016 1.5829582 0.39490350622866055 2.443034366581472
65467635 0.8238867 -4.8196774 2.9892838 0.3466596637305793 2.446504348697054
65467648 1.0424323 -3.763923 2.913691 0.30898367972553226 2.449597202719942
65467655 1.0726694 -2.0556753 4.489165 0.28834411622129696 2.4524922595365326
65467665 0.47451323 -0.59890455 4.7108536 0.2823492224176102 2.4553185089008656
65467682 -0.9449849 1.2784914 5.40032 0.2951076049428425 2.4582634608772764
65467685 -1.7703685 2.6940975 5.56378 0.32207489068842127 2.461487355167543
65467697 -2.3013144 4.0550675 5.6040463 0.3627889163662543 2.4651298585571233
65467716 -2.5580306 5.183571 5.313201 0.414517055521894 2.4692664270544062
65467717 -2.7074199 6.0228753 4.9147296 0.47498842809787084 2.474035445294234
65467731 -2.9264145 6.634054 5.1524353 0.541393758110631 2.479454670126782
65467737 -2.6955945 6.6704288 4.810247 0.6079596209021425 2.4855216499577506
65467747 -2.5499473 7.2058654 4.7184877 0.6803085486088538 2.492352140313103
65467755 -2.5186625 7.2977743 4.564907 0.7533575618216166 2.499893073221268
65467767 -2.203418 6.9292407 4.820875 0.8227176328929148 2.508128283387882
65467787 -2.650089 7.2569094 4.9088917 0.89535759757405 2.5170906034259204
65467789 -2.7725344 7.023245 4.416416 0.965658635161212 2.5267566203997633
65467802 -2.8337572 7.128027 4.031716 1.0372260430941362 2.5371706634073985
65467805 -2.787204 7.096742 3.4676888 1.1082627643129392 2.548264113236421
65467819 -2.8518696 6.8138304 3.5949242 1.176467611937102 2.5600402787384904
65467834 -2.7243347 6.382727 2.8909383 1.2403572171118982 2.5724559642381917
65467836 -2.5780888 5.839357 2.4327412 1.2988078074246343 2.5854567251706775
65467853 -2.2484744 5.02999 2.4102879 1.349156832271171 2.598961469359013
65467858 -2.2480252 3.7431161 2.1691391 1.3867387776223092 2.6128847191334152
65467871 -1.6712745 2.2623954 1.355581 1.409384825994884 2.6269923314455745
65467876 -0.9608519 0.78062665 -0.61941195 1.4171987153604158 2.6411781575446343
65467888 0.3504213 -1.2913646 -4.107309 1.4042724583883095 2.655234596253346
65467904 1.7462686 -3.1102324 -7.748936 1.3731397603270437 2.668979403939516
65467906 3.143014 -5.1263895 -12.622202 1.3218258060987522 2.6822105696295
65467921 3.3867073 -5.31365 -15.59008 1.2684752550182603 2.6949464201683804
65467925 2.3056555 -5.391189 -15.847694 1.214675241990848 2.707067965647667
65467936 1.289269 -5.517077 -15.179634 1.1594505925257 2.7186737947674104
65467956 0.80876815 -5.7586746 -10.3198395 1.1018076070935252 2.7297026310914365
65467958 0.3927832 -6.3815293 -4.255351 1.0377352466354035 2.7401217866467307
65467971 -0.73871386 -5.3010764 0.4565506 0.9846727122011527 2.7499781300824497
65467989 -3.4625995 -1.7836908 3.0343401 0.9668728192508105 2.7596267937302126
65467991 -5.387447 0.14280304 2.5119264 0.9683022441537972 2.7693192716431647
65468004 -7.213799 1.5254778 0.7810757 0.9835719196395762 2.7791645964029277
65468005 -7.254065 1.1184741 -1.628763 0.9948017163914096 2.7891526871643832
65468022 -4.574637 -1.1145822 -6.670728 0.9836450095720615 2.7989987435372674
65468028 -1.5688875 -3.5289116 -8.725056 0.9483214338446178 2.808491218234515
65468041 3.4679883 -7.5491014 -6.8518515 0.8725263198679107 2.8172516294109373
65468046 4.5677514 -7.896529 2.5941055 0.7934839103868374 2.8251942176786744
65468060 0.76640624 -4.1517663 8.634794 0.7517990017829522 2.8327424924156928
65468076 -0.7469467 -1.1925701 7.8237805 0.7398616542405115 2.8401483344470133
65468092 -5.8077726 2.412084 11.311378 0.7639324396975199 2.8477718057179997
65468100 -12.220886 5.9496775 8.691675 0.8234873189211279 2.8560147210843674
65468101 -15.2439995 9.136551 4.037554 0.914942046373902 2.8651730759571894
65468112 -11.377091 6.957532 1.1463162 0.9847976359227597 2.875060722919585
65468116 -5.0091834 1.2948074 -0.7607181 0.9977188417145154 2.885017207673046
65468126 -1.7495618 -0.88600755 3.5757642 0.9887960369063756 2.8949751748015227
65468141 0.8201445 -3.1904655 5.3432884 0.9569575909425313 2.9045248919270206
65468148 0.58333695 -4.0161486 8.568032 0.9166343227578018 2.9137281599350224
65468160 0.3743715 -4.1411386 5.597909 0.875308869987734 2.9224630851005386
65468173 -0.12663665 -3.8535864 2.3426285 0.8366177716121802 2.930862964290354
65468176 -0.6268964 -3.8966968 5.975125 0.7976127523083303 2.9388468805019636
65468192 -1.9097286 -3.1427147 -0.26225463 0.7661549131677324 2.946515911902523
65468223 -2.140399 -2.7981312 1.3789325 0.7381462743432319 2.9539045833824704
65468225 -1.6485219 -2.016307 0.042511597 0.7179635139487004 2.961091229435671
65468229 -1.0364447 -1.3744419 -2.0474424 0.7042056725284118 2.968140163433553
65468230 1.1117381 -1.3498929 5.2653008 0.6906523662476408 2.975074508645299
65468243 0.760269 -0.12528946 0.38440064 0.6894020717038503 2.9819542228905456
65468246 0.55324954 1.250799 3.5471735 0.7019604470441625 2.9890021044336756
65468259 0.62824357 2.3845413 2.6249413 0.7257563757748334 2.996244607295114
65468266 -0.41403902 3.9109173 -1.1551479 0.7650230959876706 3.00392565644539
65468278 -0.38664597 4.586163 2.6981392 0.8109295103095533 3.0120428702751534
65468295 -0.95366687 4.6156516 -1.4188994 0.8571311028382865 3.0206225520458867
65468297 -0.6379733 4.0222855 0.1525328 0.8973932390923607 3.029605248379183
65468311 -0.23276596 2.8318112 -1.6789087 0.9257390036251425 3.038871678256805
65468316 0.43020537 2.3258634 -3.146906 0.949020351620316 3.048371149905762
65468329 1.6880397 1.0511142 0.04011658 0.9595417577659512 3.057975937408686
65468345 2.2315595 0.041463777 -2.2890399 0.95995806586699 3.0676141890180815
65468347 3.148403 0.31778917 2.8177404 0.9631390607498649 3.0772549846785084
65468362 2.5343797 0.35476226 -0.2255809 0.9666793212849801 3.0869017173620827
65468380 1.9640657 0.8044272 -0.82104266 0.9747559988957301 3.0966885444216996
65468381 1.7781523 0.7656578 0.79828995 0.9823966877909728 3.106492124603544
65468392 1.3165123 0.7475455 -4.69813 0.9899022559728544 3.11643102339585
65468398 1.6347505 0.0583786 -1.9130218 0.9904866120357204 3.1263455616179736
65468410 1.6462766 -0.368833 -4.0176454 0.9867946799583063 3.136223145454401
65468416 1.6462766 -0.5176236 -4.330794 0.9816133888127564 3.146048865778884
65468428 1.5054195 -0.67958677 -0.782872 0.9748108849664621 3.1558064936568404
65468443 0.8421487 -0.72539157 -4.1044645 0.9675498851248873 3.1654914416002673
65468446 1.2376263 -1.0316547 0.34428406 0.957191779822601 3.1751019179549598
65468462 1.2216096 -1.1545491 -3.8305345 0.9456702478074108 3.1845389958840515
65468466 1.7821939 -1.9490968 -4.727469 0.926100764352093 3.193837309644663
65468478 2.1055214 -2.8839028 -3.5922298 0.8973215832211306 3.2027919042593793
65468494 1.8938617 -3.2971935 -7.156468 0.8642168238048633 3.211468886607958
65468497 1.6938776 -3.2678545 -2.268832 0.8315063686848064 3.2197920699544964
65468512 1.4946419 -3.054099 -5.558541 0.8009355515236946 3.2278092474063294
65468518 1.29361 -3.0343401 -3.424878 0.7705625197601588 3.2355223971469362
65468527 0.8807684 -2.961741 -3.128045 0.740916185691724 3.242938794791323
65468536 0.19145188 -3.075205 -6.421047 0.7101341023622205 3.250047070984589
65468548 0.46283752 -3.6342924 -2.2249732 0.67375568985608 3.256791207107461
65468563 0.87208647 -5.494923 -5.620063 0.618752795289175 3.2629847778001517
65468566 1.4013858 -6.450985 -2.2884412 0.5541799454217663 3.2685319893757163
65468580 1.4564712 -5.986052 -3.299289 0.49426097126077795 3.2734794255467086
65468586 1.3213023 -5.0719028 -5.4904327 0.4434924115392766 3.2779186808089924
65468596 1.0261161 -4.8065047 -2.245181 0.39538042875652407 3.2818763459864444
65468613 -0.5258565 -4.269272 -6.450835 0.35264601654177186 3.28540625009286
65468616 -1.5964302 -3.8823266 -4.1815543 0.3137848357108097 3.2885471628726735
65468630 -2.3888824 -3.372337 -1.2305909 0.2800285338100998 3.291350182689407
65468639 -2.8099566 -3.5260675 0.22707778 0.24473342328147954 3.2937999069888337
65468648 -2.6093738 -3.662883 9.503139 0.20806882479566996 3.2958826270288646
65468664 -2.941982 -4.2544527 5.7564297 0.16548274875671617 3.297539070620956
65468670 -3.8630168 -4.8816485 8.8862705 0.11646961590359108 3.2987084585255295
65468681 -4.5665536 -4.6586123 7.627239 0.06998016891221229 3.2994068079861862
65468686 -4.8687754 -4.9937654 3.6275566 0.0178601799856967 3.2995932148990192
65468783 0.058079224 0.4564009 3.8112245 0.004568466221991718 3.29963894417688
65468787 0.44532394 1.0937755 8.511301 0.015516902047734201 3.299794264719906
65468801 0.5236111 1.9164647 6.011948 0.034641780352964224 3.3001399636718514
65468819 0.9409433 2.3055058 6.7383876 0.05778971056682951 3.3007201887204305
65468822 0.9713301 3.4178426 7.094048 0.09200151206579454 3.3016411022358536
65468833 0.91235274 4.2408314 5.134473 0.1344512417762247 3.3029869277044432
65468840 0.70174074 5.1910553 9.257948 0.18641249060077913 3.304852873114834
65468850 -0.25806335 5.75134 4.5614643 0.24398205155916938 3.3072950761151594
65468857 -0.29413834 6.3535376 9.764645 0.30757947580206835 3.3103738746943407
65468871 -1.1148816 6.9591784 6.668333 0.3772392236160227 3.314149951048759
65468885 -1.579216 7.6573267 8.321046 0.45388726439426386 3.3186932559018385
65468894 -1.9061362 7.7417507 6.401438 0.5313803775033985 3.324012249137639
65468912 -1.9493963 7.839797 6.646928 0.6100941582463385 3.330137767143079
65468926 -2.1763244 7.9635897 6.1411295 0.6895647945162817 3.337019105239626
65468928 -2.1641996 7.9501176 3.7006044 0.7693862249835131 3.344743960674762
65468937 -1.9495459 7.621701 5.999973 0.8456776661501952 3.353208996224352
65468939 -1.9853215 7.2913375 1.6028668 0.9186622482529413 3.362404590362398
65468951 -1.4540763 5.810766 0.99617845 0.9768266525860082 3.3721823956005204
65468959 0.07903565 3.348836 -2.3761587 1.01044991319568 3.3823275986863304
65468968 1.267564 1.9161654 -4.9461646 1.029630279985183 3.3926339568554966
65468976 2.156865 -0.7180568 -10.404714 1.0224426994626814 3.4028683690255264
65468989 2.9282107 -3.0717623 -11.493849 0.9916950804697985 3.4127950037326853
65469007 2.443369 -6.109096 -10.269395 0.9305444585351471 3.4221095360152187
65469009 1.83698 -8.305479 -7.0736904 0.8474085650354007 3.4305918966102102
65469023 2.3168821 -10.335407 -5.8311243 0.7439535568773273 3.43803869762942
65469026 1.8118323 -9.09344 -6.6912355 0.6529303497832702 3.444574377645049
65469038 1.1294014 -8.533605 -2.9541068 0.5675109729152654 3.450255029118852
65469057 0.16750167 -4.965025 0.024399262 0.517812235000421 3.455438208423143
65469060 -1.8967057 -2.256258 -1.1793975 0.4952276202760443 3.460395321018843
65469074 -3.9646554 0.9877959 0.6050418 0.5051152249966799 3.4654514057189822
65469080 -5.452861 2.427951 -3.9290295 0.529492541125624 3.4707676606782725
65469091 -4.6547203 1.6154407 -3.315755 0.5456627247825591 3.4762296168682685
65469099 -3.9169047 0.49861312 -6.062543 0.5506537254295341 3.4817415318068465
65469110 0.39502853 -1.7387842 -7.489675 0.5332489042619536 3.4870792280250162
65469123 4.826563 -5.779781 0.91549623 0.4752182687022245 3.491850553929557
65469129 3.7175193 -7.124584 10.10324 0.40368541997241186 3.4959036701927393
65469143 -0.3489244 -4.158353 13.818364 0.3621881855921171 3.499518035919433
65469149 -4.852609 1.2256513 14.550792 0.37445666671861866 3.5032662591559696
65469159 -12.400213 4.6903462 4.421206 0.42140593504998136 3.507484433956831
65469178 -17.067808 10.450069 3.4227822 0.5260086847029126 3.512749657804675
65469180 -12.604689 6.957532 -5.7901096 0.5956519442923606 3.5187119937888345
65469194 -3.1961536 -0.061222687 -0.7777826 0.5950391195179595 3.524668196136055
65469209 1.8631755 -3.0813422 4.325405 0.5640075352043556 3.5303482037855987
65469213 1.7160316 -3.9330711 13.468692 0.5247584429318337 3.535584898427709
65469229 1.1952645 -4.6132565 11.915522 0.4785808299378781 3.5403753800688924
65469233 3.3569193 -5.5621333 7.5655675 0.4229051770216975 3.544608561931068
65469245 4.8012657 -6.071075 6.94391 0.36213514334852787 3.5482334496142283
65469248 3.8450541 -5.8621097 3.229085 0.3034567973745546 3.551270981147057
65469261 1.6560063 -4.267176 3.7193155 0.2607433626195049 3.5538809611929314
65469277 0.6236032 -2.8551626 1.431623 0.2320767218982172 3.5562110771585016
65469279 0.35880387 -1.4486874 2.7146049 0.2175756996747701 3.558388958999532
65469294 0.50504977 -0.9779164 2.3388863 0.2077869861258729 3.56046885790071
65469297 0.82089293 0.0823288 0.7747888 0.2086110781127656 3.562557005977627
65469310 1.0325528 0.33994308 3.8260436 0.21201382846835812 3.5646792145773456
65469328 0.4656816 1.0172845 -0.8168514 0.22219660839410574 3.566903350633364
65469330 0.69754946 1.2701088 -0.025147704 0.2349101004669109 3.5692547457700745
65469344 0.37392244 2.509232 -0.7764354 0.26002692356002244 3.571857554168583
65469350 -0.2933899 3.2669563 -3.1909144 0.29272839194899186 3.574787696873549
65469359 -0.71566176 3.8353243 1.9667602 0.3312361331914073 3.5781134013906164
65469367 -1.1386821 3.8041892 0.18127304 0.36919908070871843 3.581797730578381
65469380 -0.89873105 3.6842885 -1.515748 0.40619037991982904 3.585875996944653
65469393 0.017064514 3.050656 3.1005025 0.4367267334295684 3.5902475293522276
65469397 0.30731094 2.3734643 -2.6723928 0.46048455614169087 3.5948568720058196
65469410 0.6870712 1.9444565 -0.8827144 0.4799481083399215 3.5996610397824966
65469417 1.160836 1.4618601 -0.5441185 0.4945809854721926 3.6046116797151226
65469427 0.93375826 1.3500426 -2.5731492 0.5081357950530878 3.609713506899886
65469445 0.69725007 1.2123289 2.2725742 0.5202709237655073 3.614921297103382
65469447 0.23306534 1.1325449 -1.2717553 0.5315728699457078 3.620225994602642
65469461 0.26644593 0.5758525 -0.8637039 0.5373545921456346 3.6256211867791337
65469477 0.6863228 0.47735733 -2.84678 0.5421182593057461 3.631031119334074
65469479 0.8533754 0.3171904 -6.947353 0.5453029407740466 3.6365061151801776
65469494 1.5332615 0.011526031 -2.6119184 0.5454183136514658 3.6419656248719434
65469499 1.4334192 0.37077895 -5.464237 0.5491297237885798 3.647462284361582
65469512 1.3495935 0.5002597 -0.46672943 0.5541372062991579 3.6530090681285303
65469517 0.5454657 0.3546126 -0.7348219 0.5576867953345254 3.6585913824511187
65469530 0.09834549 -0.002095642 -3.939957 0.5576657544954376 3.6641905044456613
65469538 0.87927157 -0.9286688 -0.484243 0.5483699971458046 3.6696795597985115
65469549 2.3141875 -2.2897882 -5.744005 0.525449754902033 3.6749391883643883
65469565 3.70764 -4.1857457 -1.7417779 0.48355141974842 3.6797794249250377
65469568 4.9082932 -4.8879356 -2.4809408 0.4346243326726334 3.6841299123583724
65469579 4.8523097 -5.1802773 -4.4816804 0.3827709686084101 3.687961360185736
65469607 3.777844 -4.094735 -3.2548316 0.34178362796928996 3.6913825343243394
65469609 2.5207582 -3.4799633 -8.31955 0.3069500131015169 3.6944550318222324
65469610 1.4760804 -3.067122 -4.519402 0.27634244219115467 3.6972127215857835
65469617 1.109343 -3.4844542 -5.7193065 0.24146387146219464 3.699629718436574
65469630 2.715054 -5.2163525 -2.6688 0.18893102386379262 3.7015324051806324
65469645 3.977379 -6.2059445 0.8825647 0.12700036424368308 3.7027997733115106
65469647 4.0073166 -5.667664 -4.6187954 0.07026837332600139 3.7035031432857046
65469662 4.158203 -5.3866982 -1.6208295 0.0163487897576072 3.7036667908292125
65469850 0.9370514 0.011526031 4.4071355 1.1537286589316093E-4 3.7036679456844874
65469870 0.20761825 1.7137861 7.063212 0.01732227227799109 3.703841866217684
65469872 -0.20252883 2.996319 6.0361977 0.047223283220522674 3.704313119072316
65469887 -0.6069878 4.012556 6.7464705 0.08751048177743223 3.7051917490748276
65469890 -0.72239774 4.9532 8.757838 0.13709084840843705 3.7065639962510466
65469903 -1.2811857 5.7429576 5.7718472 0.1945765100523856 3.7085116615857676
65469912 -1.0921289 6.524183 8.094867 0.2598820531863587 3.7111130201257625
65469921 -1.361868 6.89092 6.6931815 0.32885854464375186 3.7144048168758883
65469936 -1.4102174 7.762707 6.67941 0.4067983298762329 3.7184891876385713
65469939 -1.5212865 7.8853025 6.4686484 0.48548771951424863 3.7233339899925584
65469954 -1.5884967 8.200098 6.278095 0.5675687738487842 3.729015220040123
65469962 -1.6278648 7.8879967 7.0557275 0.6465257747601383 3.7354867917584405
65469972 -2.224075 7.768695 5.211413 0.7245256698721387 3.742761234524721
65469980 -2.151027 7.436386 6.2396245 0.7989621547028577 3.7507586587361526
65469990 -2.478546 7.2356534 5.2539244 0.8713893448625243 3.7594810613017304
65470004 -2.4119344 6.8523006 5.435497 0.9399792708698218 3.768890033847988
65470007 -2.5586293 6.1534038 2.8042686 1.001573402600959 3.7789155492398474
65470021 -2.17842 5.19839 1.5079641 1.0537667094158023 3.789495665218361
65470031 -1.4672488 3.4808614 -0.021555176 1.0886093142816191 3.8003923886311313
65470043 -0.54441786 1.9106269 -5.2486854 1.1077342423465615 3.8114805491872077
65470055 2.4176226 -1.7995578 -7.1013827 1.0897210898144238 3.822388402301515
65470058 4.593947 -4.2098455 -11.632909 1.0475815252436202 3.832874447187545
65470073 5.1293836 -7.212751 -11.458672 0.97538357640109 3.842637808547563
65470089 3.5670822 -9.462872 -10.373578 0.8806624464823811 3.8514530335618393
65470091 2.5831783 -10.178384 -11.5944395 0.7787792162922137 3.8592484305038086
65470105 1.299298 -8.728948 -7.5519457 0.6914044929949134 3.8661692276900363
65470110 0.13726455 -8.589888 -2.5060885 0.6054217279622405 3.872229357518254
65470122 -1.2103829 -5.177134 -0.39787263 0.5535998328781908 3.877770761749404
65470128 -2.741998 -2.536176 3.1210098 0.5281359084391136 3.8830733957325947
65470141 -5.8860598 0.7161108 -1.151256 0.5352821559626484 3.8884151091169206
65470156 -7.0465965 2.1011806 -1.9170635 0.5563786054544259 3.894001308327207
65470158 -5.349875 1.1701168 -3.3513808 0.5680911994666881 3.899687767732437
65470174 -2.9568014 -0.5167255 -8.559351 0.56291889832008 3.9053224541815985
65470178 5.8104672 -5.863307 -7.0009413 0.5042285672718604 3.910369664150505
65470191 8.182883 -8.027058 -0.719404 0.4236346368315871 3.9146230757928966
65470209 5.6040463 -7.168443 14.8831005 0.3518802049539859 3.9181453139526377
65470211 -0.68557435 -2.2411394 17.758022 0.32944692386722635 3.9214430005699685
65470226 -7.9372444 3.9980361 11.786939 0.3703204026255212 3.925228930100646
65470232 -15.109879 9.134455 6.31402 0.4598028182254777 3.929733223799983
65470241 -12.8608055 9.096733 -1.6322058 0.5508589878534836 3.935247193367393
65470248 -6.212681 4.787644 0.20507355 0.5989282876076316 3.941260602871679
65470261 -0.77972853 0.8201445 4.0501275 0.6071377418836335 3.9473379095977026
65470275 1.1698173 -0.8171507 7.6511893 0.5989582552867982 3.9533333409779337
65470279 2.2896388 -2.2519171 11.442804 0.5764170918262217 3.9591031411855147
65470292 3.7565882 -4.6711864 6.8696647 0.5296596085479434 3.9644049099267313
65470300 5.582192 -6.507867 6.137986 0.46431878355288436 3.969066801915818
65470309 4.5882587 -5.9368043 4.315526 0.4050739411697438 3.9731091352330883
65470326 2.842888 -5.0033455 2.5041425 0.3548389365083707 3.9766718185750514
65470328 1.8383272 -4.500092 3.302133 0.309931402122453 3.979764700899819
65470350 1.4394068 -3.7113822 0.26180556 0.27266807500877815 3.982502365537972
65470360 1.8354831 -3.0283525 6.131849 0.24235497512819104 3.984928282127941
65470361 1.6816031 -1.8372793 1.6796571 0.2239642390607224 3.987170111753307
65470370 1.4003379 -0.95246935 2.9114456 0.21443024470845562 3.989316508111731
65470381 1.25993 -0.5420229 3.858676 0.20902126392842155 3.9914023831417462
65470392 0.7958949 0.80592406 -1.0722203 0.21711296954685347 3.993582258798967
65470398 0.89678514 1.5459851 -0.06870712 0.23258791866390102 3.9959104094392197
65470411 0.3275189 2.6077273 -2.4176226 0.25869065862060564 3.998499842398398
65470418 0.057779845 3.378175 -2.3773563 0.29250539670185705 4.001427752680615
65470429 -0.2269281 3.7980518 0.3887416 0.3306389119649548 4.004747460927556
65470445 -0.42227188 4.113895 -1.7233663 0.371692489811398 4.008456672463121
65470448 -0.5959108 4.3122325 -0.0597258 0.41485692801748036 4.012609293236055
65470463 -0.37751496 3.9957907 -0.90846086 0.45485385810951134 4.017162273919928
65470482 0.086071014 3.2235465 -1.6789087 0.48731755347535366 4.022069952024785
65470484 0.4975653 2.384691 1.2660671 0.5111149763675694 4.027170495130472
65470499 0.3715274 1.909579 -2.8096573 0.5302294137930815 4.032477966958628
65470502 0.29533586 1.7158818 0.46089157 0.5474573529055516 4.037974593712231
65470515 -0.19040406 1.5956818 -0.6195616 0.5633810571824891 4.0435967130003565
65470519 -0.7644603 1.6435821 -2.7605593 0.5798329294616987 4.049400704943363
65470533 -0.64605653 1.4554235 -1.1003618 0.5944457930286328 4.0553691089335295
65470547 0.20686981 0.6038443 -2.4980054 0.6004717049021431 4.061361364993731
65470551 1.1452684 4.4906617E-4 -5.9371037 0.6004762136535431 4.067390316113581
65470566 3.119513 -1.0939251 -1.3482463 0.5894928947896081 4.073308992193251
65470568 3.4630485 -1.7324972 -5.419181 0.5722038754191094 4.0790191565726195
65470583 4.0707846 -2.7343638 -1.6031662 0.54483353641339 4.084472812236236
65470598 3.5093024 -2.4875271 -2.003883 0.5199339719030756 4.0896772296304365
65470601 1.8537451 -2.1122575 -5.5353394 0.4987907709025639 4.09467000803134
65470616 1.5036232 -2.0097208 -0.72778654 0.4786126032866925 4.099475414494318
65470619 1.5241306 -2.5547373 -5.9812617 0.4531182459009236 4.1039971938434885
65470634 2.646796 -3.6685712 -2.577939 0.41628475250842056 4.108176810567258
65470639 3.9555244 -4.4258466 -3.5973194 0.37198306392384584 4.111900273993099
65470652 4.952152 -4.357738 -5.1759367 0.3283631304317408 4.115187111763385
65470668 4.6666956 -3.8703516 -2.7066715 0.289621817048842 4.118086158380539
65470670 3.9335203 -3.648064 -6.762038 0.2531055547240117 4.120619685503521
65470683 4.339027 -4.5975394 -1.5344591 0.20708526090502577 4.12269256050723
65470699 4.6316686 -5.781128 -2.6473947 0.14939395157494764 4.124183399799696
65470701 4.9082932 -6.199658 -1.9161654 0.08714763158484917 4.1250583866835875
65470717 4.9885263 -5.5425243 0.09804611 0.03166825991448098 4.125375378554959
65470924 0.77987826 0.47810578 3.1802866 0.004800317369900465 4.125423575099843
65470938 -0.35416353 2.3089485 6.938821 0.02791235172957301 4.125702971209166
65470943 -0.8837622 3.551814 6.714138 0.06346517953871798 4.126338242805496
65470954 -1.9314336 4.9380813 5.13567 0.11289421254722429 4.127468287342954
65470961 -1.9215541 5.947582 8.218809 0.1724281143111298 4.12919425241903
65470972 -2.2333558 6.528374 5.10214 0.23777560583613372 4.131574330356182
65470992 -2.314487 7.483089 7.36723 0.3126795753848598 4.134704179738764
65470994 -2.1959336 7.7119627 5.941295 0.38987451741148826 4.138606732427416
65471010 -2.208657 8.256381 6.428981 0.47251895132080435 4.143336536088183
65471013 -2.219285 8.393945 5.5908737 0.5565403739880922 4.1489073750013565
65471026 -2.2823038 8.540939 5.294041 0.6420331781121461 4.155333976878495
65471038 -2.3742127 8.281678 5.9622517 0.7249308306974476 4.162590364135031
65471040 -2.3772066 8.382419 5.5775514 0.8090926859922941 4.170713883675624
65471058 -2.556833 8.08843 3.848946 0.8898091389311674 4.179593509745685
65471064 -2.602039 7.3703732 6.0391912 0.9638097795376719 4.189270433654221
65471075 -2.7184968 6.8503547 2.7473867 1.0323802199658216 4.1996043170467265
65471079 -2.8452833 5.4913306 4.239334 1.0875147334736002 4.210523272737471
65471097 -2.3474185 3.6974611 0.9014255 1.1244126150426157 4.22174406507731
65471101 -1.609004 1.850452 -1.6512163 1.1429916781114042 4.233220026135185
65471109 0.32961455 0.13486953 -1.7512083 1.1443416904203425 4.2446746175359955
65471138 2.534829 -2.5218058 -8.9337225 1.1190990048328124 4.2558765367052045
65471140 4.2550516 -4.9822392 -8.351882 1.0692279558206483 4.2665792583436275
65471141 4.0501275 -7.5986485 -11.157049 0.9931672695363136 4.276520629317377
65471158 3.478167 -8.787926 -12.024944 0.9052021894515816 4.285581491416475
65471160 3.969745 -9.208101 -9.026679 0.8130312596168248 4.293719743262893
65471175 2.6402097 -9.017997 -8.879535 0.7227632219799439 4.300954433988319
65471183 0.9834549 -7.354207 -2.5810826 0.6489249020690028 4.307469823650839
65471191 -1.6955241 -3.9598653 0.37751496 0.6094084238778674 4.313551261446006
65471207 -4.120631 -1.3677058 -1.2266991 0.5957180086429001 4.3195142593145075
65471212 -6.105803 1.2590318 0.64949936 0.6083206220733267 4.3256034063944355
65471223 -6.6590524 1.2066407 -4.5470943 0.6203988121236355 4.3318134527100725
65471229 -3.7432659 0.05029541 -3.669619 0.6209037922617402 4.338047502500154
65471242 -1.271007 -1.5640974 -6.824758 0.6052475432416883 4.344105888780078
65471249 5.711074 -5.4342995 -5.1211505 0.5506856386662373 4.3496349284363225
65471261 7.2045183 -6.562803 6.725065 0.4847932413654289 4.354502389776119
65471275 1.4688954 -3.4721797 10.014924 0.4501434995249481 4.358994483393467
65471281 -4.190386 1.0611434 14.75811 0.4607652966342249 4.363606636193696
65471295 -12.301419 6.6868944 7.6194553 0.5276995450131903 4.368888785157584
65471313 -16.545692 10.435998 2.9753628 0.6321614321628151 4.375216572535598
65471315 -9.601034 6.1333456 1.669179 0.6937419577632074 4.382181938120514
65471325 -4.31358 2.2439835 -0.51552796 0.7162037075777019 4.389350969641699
65471331 1.1734099 -1.4215938 6.572233 0.7019738864399353 4.396377563983073
65471344 2.9931757 -2.3923252 8.892708 0.6780272737558439 4.40316445765696
65471361 4.679868 -4.491111 11.128907 0.6330723055507868 4.409501363296604
65471364 5.234016 -5.2828145 8.109686 0.5801925685571926 4.415308955142801
65471376 4.7548623 -5.511688 4.684658 0.5250218645973842 4.420564300627283
65471380 2.9096494 -3.6814444 5.1081276 0.4881714675462162 4.425450782785297
65471395 1.1268567 -3.4087114 1.4882053 0.4540510637362511 4.429995727685347
65471402 0.29847932 -2.670746 5.035978 0.42723601719130755 4.434285298205741
65471412 0.5508545 -1.8811382 2.3213727 0.40840626582144796 4.438373348951141
65471427 0.590522 -1.2497511 2.0493882 0.395896549842259 4.4423361807752695
65471432 1.5841557 -0.8273296 4.5945454 0.3876151743814649 4.446216117968877
65471447 1.5298188 -0.395777 -0.35625917 0.38366561767474266 4.450044812316727
65471452 1.5756235 -0.17274079 0.45445496 0.3819312512849323 4.453879510166172
65471465 1.6025674 0.830473 0.5438191 0.39024409174202307 4.457785762207393
65471470 0.9599538 1.5687377 -3.6473153 0.4059467879189561 4.461849194156966
65471483 0.803529 2.7190957 1.518143 0.4331642996770271 4.466185067436287
65471498 -0.25926086 3.462899 -2.509232 0.4678271045819684 4.470867906813783
65471500 -0.41239244 3.8278399 -0.059276734 0.506142885779751 4.475934278663003
65471515 -0.44682083 4.048481 0.37452117 0.5466672331205636 4.481406289746408
65471520 -0.5885761 3.8821769 -3.0190718 0.5855269113384396 4.487267276530082
65471531 0.069455564 3.4477804 1.1686199 0.6202488213435892 4.493513678980317
65471546 0.051343232 2.5629702 -3.4058676 0.6458253362011789 4.499958530174952
65471550 0.7247928 1.9034418 -1.0383906 0.664878343081329 4.506613806807664
65471563 0.97851515 1.3445041 -1.0464739 0.6783365133436979 4.513403795897154
65471580 0.74125856 1.0594968 -2.46208 0.6889741617148761 4.520321292149433
65471582 0.7453001 0.79320055 2.3876848 0.6969139128429063 4.52729723664222
65471597 -0.2800676 1.1575428 -1.6399896 0.7085006456535845 4.534389162316062
65471602 -0.4324507 1.3659096 -0.7912546 0.7221730808906679 4.5416179458672765
65471614 -0.19010468 1.1558963 -2.8716285 0.733708056790904 4.548939800525591
65471620 0.3381468 0.78122544 -6.7273107 0.7415517813242833 4.556385190269241
65471632 1.8273998 -0.48020142 -2.2671854 0.7367450779257043 4.563759835364184
65471647 2.2926323 -1.0970687 -6.406827 0.7257301969373883 4.571046372648811
65471650 2.760709 -1.5503261 -2.6171577 0.7102591082154759 4.578134224433953
65471665 2.477498 -1.7732126 -3.4434392 0.6925096672741987 4.5850660834635955
65471670 1.3401631 -2.1453388 -5.470524 0.6709698567097637 4.591802811380401
65471682 1.4697936 -2.1865032 -1.3726456 0.6490834737870822 4.598299984418393
65471700 1.9446062 -3.4420922 -4.9147296 0.6146289365123291 4.60445227624971
65471702 3.3867073 -4.618346 -0.83406556 0.5684003762186022 4.61014183044157
65471717 4.3891726 -5.1638117 -3.990402 0.5168694188021136 4.615299798555412
65471723 4.570296 -4.7912364 -6.491551 0.46876404462890914 4.6200063226924755
65471732 4.04893 -3.8239481 -5.0446596 0.4304872223261469 4.624315398623463
65471740 3.1455588 -3.7462597 -8.015382 0.39310236781390934 4.628238264641266
65471752 3.6353402 -4.979545 0.2811154 0.3431063256337388 4.631683149249719
65471766 4.033512 -5.789361 -1.5664924 0.28515617673360183 4.634537495852277
65471770 3.9068756 -5.7112236 -0.97192883 0.22798816490095258 4.636819604033706
65471786 3.3952396 -5.3619995 0.41852966 0.17431580985853315 4.6385644643261745
65471790 2.074536 -4.728517 -3.2891102 0.12698446060585428 4.639835549062475
65471821 0.9029224 -4.0107594 -0.2004332 0.08683770200438905 4.640704774052679
65471822 -0.23695725 -3.232528 -4.9755034 0.054480853423544646 4.64125011464693
65471824 -1.6145425 -1.5184424 -2.2679338 0.03928160039164853 4.641643314274956
65471835 -1.8408719 -1.2356803 3.150349 0.02691273055590582 4.641912704383328
65471843 -2.2448816 -1.9055374 3.8229003 0.007780594219948294 4.641990823758985
65471987 0.49606842 0.087268524 4.4209065 8.735374158545956E-4 4.641999567663237
65471993 -0.10103989 1.3076806 4.4979963 0.013963114293081426 4.642139335169942
65472003 -0.9931847 2.9283605 3.14975 0.04336468205946698 4.642574728850024
65472012 -1.2096345 3.8847218 8.118816 0.08224983781195035 4.643398030480059
65472023 -2.2381458 4.9889755 3.2265403 0.13218831040697446 4.6447212044029795
65472037 -2.5364754 6.4556255 4.003724 0.19680761138651623 4.646691202539977
65472042 -2.0733385 6.5360084 6.7922754 0.2622315256241576 4.649316078749298
65472056 -2.6577232 7.38624 3.1380744 0.3361660523127429 4.652681021933927
65472061 -2.9153376 7.9837976 5.911657 0.4163256391314718 4.6568610491709626
65472073 -3.0455668 8.516839 2.2983205 0.501317296478862 4.661863819300532
65472089 -3.1442115 9.218131 3.322491 0.5938699411062548 4.667826441574432
65472091 -3.2482452 9.333241 4.1944275 0.6872934948362133 4.674706087943771
65472106 -3.2724948 9.147926 1.672023 0.7785829295225918 4.682475760864627
65472115 -2.8183393 9.308543 6.071524 0.8720433376211416 4.691231322762607
65472125 -2.9568014 8.901988 4.0924897 0.9611501458290492 4.700852209852071
65472131 -3.2576756 8.612491 1.1732602 1.047621989329981 4.711370631101967
65472143 -2.7294242 7.433841 4.425547 1.1222598664748804 4.722638438883177
65472157 -2.8020232 6.0854454 -1.8004559 1.182988035352383 4.734443769868991
65472163 -1.9317329 4.401896 1.0467732 1.2270499798659065 4.746726251810704
65472173 -1.6613951 2.5194108 -5.0368757 1.2522686929184297 4.759261168395943
65472181 -1.3154645 0.70458484 -5.0711546 1.2593214222635458 4.771866681151589
65472193 -1.2816348 -1.3446537 -6.989565 1.2458617544636743 4.784337464536257
65472208 -1.6760646 -2.498604 -10.281071 1.2209275649029177 4.79652140349646
65472211 -0.70174074 -4.187542 -9.104068 1.1788834543458344 4.808357728180993
65472225 0.4020639 -5.819149 -12.204122 1.1206351401823402 4.81957502258496
65472231 2.448758 -7.2621484 -11.362871 1.047942734238463 4.8300646841360875
65472244 3.9540277 -8.298892 -8.981623 0.9648727753460843 4.8397228338722
65472259 4.0823107 -8.287516 -8.521929 0.8819166830657537 4.848550613501184
65472261 1.7797989 -4.8585963 0.0017962647 0.8331350009807903 4.856915524688237
65472276 -0.16899857 -2.4623795 -2.7152038 0.8084871588273632 4.865008291962104
65472281 -3.2006443 1.0963202 -2.8544142 0.8194610659164774 4.873210904658578
65472293 -4.496799 2.1119583 -2.9719198 0.840601273953942 4.8816251267101585
65472309 -5.0745974 1.7318985 -7.457492 0.8579371731373331 4.890212877055965
65472311 -3.1590307 0.39457947 -4.538412 0.8618868209074354 4.898840161589845
65472327 0.0755928 -2.3261628 -7.442972 0.8385314856136522 4.9072592558483485
65472334 4.2388854 -5.715714 -0.4552034 0.7813185318885216 4.915080070742698
65472346 2.7536738 -7.0177064 9.591005 0.7110729330259203 4.92219774441122
65472353 0.0050894166 -4.4608736 10.064172 0.666420636556971 4.928868458374306
65472370 -8.947793 1.9886147 13.008998 0.6863262041517488 4.935738423077534
65472372 -17.747843 10.143656 -0.17423767 0.7878618248638422 4.943624735584754
65472381 -17.838854 11.047926 -1.5410454 0.8987861279558165 4.952648802665904
65472395 -10.263706 5.832022 -7.0307293 0.9569853237322676 4.962198796543789
65472401 -2.9481194 0.89169574 -0.30880782 0.9659382012900625 4.971897089445252
65472412 0.83975375 -1.9986438 7.188202 0.9458712523645152 4.981393904500557
65472429 0.25536895 -2.251019 9.808803 0.9233390789028806 4.9906363126190305
65472433 0.57764876 -2.8307633 11.32515 0.8950038002681387 4.999595091228826
65472446 2.655478 -3.9113662 4.9931664 0.8558519435340691 5.008161968058395
65472454 3.617677 -5.048402 1.6887882 0.8053186225159665 5.0162230190252215
65472463 2.7786717 -4.266877 4.2459207 0.7626081847165843 5.023856547741311
65472479 0.054037627 -2.9981153 -1.5775695 0.7325977521112315 5.031189679812071
65472484 -0.23186783 -2.4177723 2.3385868 0.7083964172161089 5.038280562183642
65472496 -0.30386811 -1.6721727 -0.29413834 0.6916583617940693 5.045203899845486
65472501 0.57106245 -1.5636483 -0.443378 0.6759588899170023 5.051990718396619
65472514 1.7994081 -1.864373 3.92409 0.6573538496981111 5.058550615486511
65472522 1.9814296 -1.5408957 -0.14894028 0.6419298443061533 5.064976183016432
65472531 1.5968792 -0.3677852 -2.3704705 0.6382484006602761 5.071364900156915
65472554 1.8268012 0.48244676 -0.12813355 0.6430775793522788 5.077801955603
65472557 0.67329985 1.9478993 -5.295089 0.6626350419451876 5.084454999612482
65472561 0.55160296 2.8993208 -0.676593 0.6916565622215541 5.091378319261027
65472579 -0.5137317 3.9113662 -3.2454011 0.73080842286699 5.098693540564755
65472581 -1.1243119 4.55398 -2.0401075 0.7763926912170285 5.106465048951555
65472596 -1.465303 4.265979 -1.201252 0.8190941408978317 5.114663989633913
65472604 -1.83698 4.149521 -4.4069858 0.8606298738589218 5.12327869328385
65472612 -1.1418256 3.5182836 -0.138013 0.8958470659540858 5.1322459118899895
65472621 -0.9421408 2.874323 -4.1418867 0.9246183655037952 5.141501125367985
65472633 0.081430666 2.2896388 -1.1729608 0.9476069865989287 5.151015367686216
65472647 0.5072951 1.7477655 -0.74649763 0.965048372379187 5.160645824726184
65472651 0.38649628 1.4766792 -2.67374 0.9798746495065827 5.170484043511756
65472666 0.52825147 1.1292517 1.8103354 0.9911781949640769 5.1804055053076485
65472671 0.49981064 0.7008426 -4.2299037 0.9981934655825161 5.190397188320858
65472683 0.56492525 0.057779845 -2.9867392 0.998771828251204 5.200394659610273
65472699 1.2299923 -0.3600014 -3.8446052 0.9951682986255566 5.210356061410133
65472701 1.4676979 -1.0662328 -7.9454775 0.9844630195648176 5.2202403487295985
65472717 2.6264384 -1.5733781 -2.6620643 0.9687618894459593 5.229907863877329
65472724 2.490521 -1.4903009 -7.249724 0.9538443262295949 5.239455622383314
65472735 2.6438022 -1.4870077 -4.091891 0.9389143477253217 5.248882588147237
65472742 1.6627423 -1.3949492 -4.432283 0.9249512326737646 5.258141133547713
65472754 1.3861176 -2.0743864 -6.340964 0.904187112708365 5.2671918340619515
65472768 2.540068 -2.7666967 -2.6822722 0.8764931262333451 5.275965325156156
65472772 3.1793885 -3.579207 -7.180867 0.8406661058424221 5.284380195319104
65472785 4.647236 -4.53961 -2.440974 0.7952256729214741 5.2923402182222405
65472791 4.4634185 -4.311634 -4.7853985 0.7520672248660007 5.299868235159418
65472803 3.8877153 -4.091891 -5.4973183 0.7111083594330206 5.306986262726879
65472820 3.2172596 -3.464246 -4.1385937 0.6764320672600246 5.313757189435048
65472822 1.3518388 -2.5488997 -10.025851 0.6509181782002997 5.320272728083979
65472836 1.2588822 -2.614463 -5.012776 0.6247480170592511 5.326526308918958
65472853 1.5489789 -4.311784 -6.180947 0.5815880702728684 5.332347869410781
65472855 2.2209315 -4.9322433 -5.1904564 0.5322174685126603 5.337675241731705
65472870 2.8918364 -5.2235374 -2.9753628 0.4799310862188256 5.34247923912095
65472872 2.1079166 -5.176535 -5.7800803 0.4281151808812792 5.346764571902619
65472886 1.2898678 -5.435497 -1.4227912 0.373707135183974 5.350505292504634
65472895 -0.9448352 -4.809349 -6.064938 0.32556667648046755 5.3537641387536015
65472903 -2.5526419 -3.9685473 -6.5797176 0.2857213380457232 5.35663286184672
65472919 -3.4736764 -4.0094123 2.1906943 0.24558805923865437 5.359091140852093
65472924 -4.019741 -4.9293995 2.1710851 0.1962459238196671 5.361055516627982
65472941 -4.452042 -5.0491505 9.372161 0.1457051141961682 5.362513990580384
65472945 -6.2997994 -5.2453923 5.3540664 0.09336004335224271 5.363445653606287
65472958 -8.280181 -6.2007055 4.1002736 0.031103205048855068 5.3637579385871845
65473057 0.4778064 0.14834152 6.4782286 0.001489390857722953 5.363772892492894
65473074 -0.6370752 1.8113832 4.087999 0.019565633506328298 5.36396814280193
65473076 -1.4025834 3.6527042 5.523364 0.05623981778009959 5.36453280648831
65473091 -1.7565972 5.029541 7.100634 0.10658434643390818 5.365599690855377
65473095 -1.8260527 5.6817346 4.224964 0.16345717987284156 5.367235858976924
65473110 -1.7931212 6.43407 8.219408 0.22786070967067928 5.369516691133461
65473111 -1.2981006 6.7877846 5.492229 0.2958048449390127 5.372477628412966
65473125 -1.4741346 7.473509 4.9404764 0.3708409886437952 5.37620097688695
65473134 -0.9596544 7.608079 7.965386 0.44699607870892544 5.380675303037743
65473142 -1.4482384 8.189321 3.2991395 0.5289692530669358 5.385970160953169
65473159 -1.6021184 8.223001 6.214477 0.6112795641543591 5.392088926350937
65473162 -2.0353174 8.475525 4.9168253 0.6958589290850232 5.39903307517729
65473175 -2.6689498 8.614137 2.6060805 0.7826101855358452 5.406914586616395
65473193 -2.8527677 8.153095 5.3673882 0.8672065061274284 5.415912700511017
65473195 -2.866539 8.002957 2.704426 0.9443834654374784 5.425019914401053
65473208 -2.6773324 7.3365436 3.2076795 1.0175966530858014 5.435174763766167
65473215 -2.4360342 6.8927164 0.74095917 1.0868014764586147 5.446086558154629
65473224 -1.8543439 6.061196 1.7703685 1.1474726286010126 5.457572490658331
65473232 -1.8088385 4.9484096 -2.7809172 1.1970050453937653 5.469554229866537
65473246 -0.34024248 2.7184968 -0.5186714 1.224299525313525 5.4818465448017495
65473265 0.6081853 0.81730044 -4.237089 1.2324555690836265 5.494145524574616
65473270 2.203418 -1.9097286 -7.294182 1.2132813530217847 5.5063272127175775
65473284 0.4894821 -5.2678456 -12.171788 1.1605514509348984 5.517944061172396
65473292 0.120948486 -5.775889 -11.142828 1.0449208636517988 5.53886288679482
65473310 1.0437795 -6.9281926 -10.716215 0.975571283695818 5.548628126085363
65473313 1.1526031 -6.9976482 -9.32426 0.9055264622717571 5.557692234079512
65473327 0.7220984 -5.9564137 -2.286046 0.8459041544763136 5.566159536724247
65473336 -1.353186 -3.2126193 -1.6163388 0.8137465902022338 5.574304948861723
65473345 -3.578159 -0.9831555 -0.043110352 0.8039354367721064 5.582327620765196
65473353 -5.375172 1.085393 -2.1411474 0.8147999651539357 5.590483576938395
65473366 -6.2486057 1.201252 -5.254224 0.8268242164172337 5.598759893867864
65473378 -4.002377 -0.22378464 -5.2067723 0.8245773552962492 5.60703888387043
65473382 -1.3738431 -2.1110601 -9.768237 0.8034461372577265 5.615081191697984
65473395 5.6615267 -7.351213 -5.1373167 0.7296378785616887 5.622406962486263
65473402 8.123457 -9.6898 5.9165964 0.6326452550376142 5.6287395928175545
65473414 1.0633887 -4.0842566 12.510235 0.5916381583525918 5.634679807952652
65473433 -14.170282 7.849527 2.6167085 0.6702100778043125 5.641388453332104
65473446 -16.565302 11.231444 1.5269747 0.8950583263205985 5.659307101242688
65473462 -8.780591 5.592221 -1.4771283 0.950864489979462 5.668796014753451
65473463 -2.943479 1.8446141 -2.3176305 0.9693286441180182 5.678498766688842
65473605 1.5804135 -1.1976595 8.1424675 0.9572672537033635 5.688139214704704
65473608 1.6528629 -1.6595988 8.470735 0.9407057054246083 5.697526750234151
65473613 1.7016613 -2.5297394 8.995843 0.9153064061343403 5.706716685583453
65473621 3.0359867 -3.474874 9.321266 0.8806297765237675 5.7155047085195685
65473623 3.4724789 -3.647016 2.22647 0.8440127032919745 5.723978834916215
65473624 2.424508 -3.1123278 4.8919773 0.8128590301575203 5.732115363599079
65473626 1.4015355 -2.7946885 1.8655705 0.7849701409003982 5.739948775307719
65473627 1.5843054 0.29877868 0.15867004 0.8059141910465331 5.796442455058445
65473628 0.94393706 1.1928694 -3.9674995 0.8178545348575353 5.804628987574408
65473629 0.5849835 2.152973 1.0865904 0.8394709924326441 5.813057513908722
65473637 -0.027093658 3.380121 -1.1900253 0.8733052126208637 5.821799094733637
65473647 -0.7933502 3.8949006 -0.6680608 0.9122922519286261 5.830930925786764
65473655 -1.4194981 4.2420287 -1.8473085 0.9547539667133026 5.840487789581136
65473664 -1.6209792 4.1120987 -1.549428 0.9959151082955245 5.850456665775123
65473672 -1.3494438 3.6938686 -4.296815 1.032889868987484 5.860795651667459
65473685 -0.42526567 3.0331426 -0.32826737 1.0633434787363065 5.871471921120176
65473698 -0.058228914 2.4334896 -2.9735665 1.0876278745717443 5.88232562941224
65473702 0.45879593 1.9263442 1.1617341 1.1069689150560438 5.893439910591606
65473716 0.6709049 1.5144008 1.0352472 1.1221277130927014 5.904672146421779
65473722 0.7779323 1.219065 -1.5082636 1.1343302679904423 5.916026526971081
65473732 0.8149054 1.1178753 0.8821156 1.1455199374191212 5.927492912347461
65473748 0.8650511 0.762664 -2.6744883 1.153154025796556 5.939035714307642
65473752 0.90187454 0.46613067 -6.070925 1.1578198847675707 5.950625220424312
65473766 1.4067746 -0.15073654 -2.8553123 1.1563110474196927 5.962199622275887
65473775 1.9139199 -0.41688308 -6.921457 1.1521381453275443 5.973732255510289
65473784 2.2353017 -0.47481263 -3.874992 1.1473708921821106 5.985252183973761
65473793 2.149979 -0.7934999 -3.4307158 1.1394523600218696 5.996623061658604
65473805 1.8919158 -1.2249027 -5.20303 1.1271539897738132 6.007940006700513
65473828 1.8000069 -1.9401155 -0.7450008 1.1077930965315417 6.018994948743489
65473829 1.8950592 -2.4282503 -5.564229 1.0834127761961392 6.029872719622314
65473835 3.542234 -3.3365617 -2.5424628 1.050014574536373 6.040383119810013
65473843 4.493655 -4.4792852 -3.972589 1.005177977434984 6.05044471615249
65473853 4.783602 -4.392765 -4.540508 0.9612074316326579 6.060066176659387
65473868 4.3935137 -4.2939706 -1.8396744 0.9182257908672322 6.069257401961132
65473873 2.9621902 -3.3141084 -7.513326 0.8850523448816361 6.078116567946096
65473885 2.0983365 -2.5979974 -4.1981697 0.8590469985688972 6.086715427384773
65473904 1.4537768 -2.8154953 -6.608757 0.8308645499161676 6.095032187107129
65473905 1.8170714 -4.3800416 -5.586832 0.7870213628172139 6.102910085998909
65473921 2.6933491 -6.1023602 -2.073638 0.7259381646813696 6.110176557157839
65473926 2.9427307 -6.0832 -6.0109005 0.6650467563716381 6.1168335195681784
65473938 2.7728338 -5.4510646 -2.5676107 0.6104828808595556 6.122944309742105
65473943 1.8173708 -5.4971685 -5.1600695 0.5554575101020387 6.128504309441169
65473955 0.5822891 -5.255421 -3.8384678 0.5028519740424578 6.133537740033972
65473970 -0.6050418 -4.4652147 -1.2699591 0.4581562239275353 6.138123776168774
65473973 -2.2218297 -3.7273989 -3.7916152 0.42073208439500454 6.1423480453632795
65473991 -2.3538551 -3.7003052 6.4078746 0.3836928949795425 6.146188721457888
65473993 -2.787204 -4.1400905 5.7276893 0.34225155820059944 6.1496145794686115
65474007 -3.6314483 -4.514911 7.096293 0.2970583583452361 6.152588063826933
65474032 -5.384902 -4.700226 10.110275 0.2500101976389983 6.155090607402913
65474039 -7.73756 -4.537514 0.9485774 0.20459074217775275 6.157138512857879
65474042 -6.6045656 -4.907245 -1.1023078 0.15547037133728195 6.158694734739427
65474046 -5.3307147 -5.836513 -9.495654 0.09704824152640987 6.159666164927818
65474058 -4.4008484 -6.293363 -4.177962 0.034053149599132304 6.160007028986868
65474123 1.1985576 0.33141083 4.9442186 0.003307230815079689 6.160040032663365
65474141 0.6286926 1.723516 5.831573 0.020611819083562376 6.160246981160109
65474145 0.03876938 3.5221756 6.9178643 0.05586797215459633 6.160806206488271
65474160 -0.17992584 4.451443 7.350764 0.10042587245082904 6.1618114458714235
65474168 -0.79290116 5.339546 7.1096153 0.15387348049518634 6.163351683404786
65474179 -0.9807605 6.300548 6.764733 0.2169404924139991 6.165523206969775
65474190 -1.0804532 6.5825615 5.508545 0.28283038605617666 6.168354272669057
65474197 -0.5628296 7.3176827 6.69872 0.3560786779765706 6.171918536913192
65474207 -1.1274555 7.7972856 4.4439588 0.4341276740379648 6.176264052910309
65474213 -1.2603791 8.2164135 5.822891 0.5163720505114335 6.181432816304868
65474226 -1.5000306 8.255483 3.94804 0.5990075002916746 6.187428741215033
65474233 -2.1026773 8.544532 5.4390893 0.6847970178891144 6.194304297072196
65474244 -2.4637268 8.504564 5.345534 0.7696661740238495 6.201984986699991
65474266 -2.7476861 8.283175 3.4513729 0.8528315998656931 6.2105476573139855
65474269 -2.3315516 7.90581 5.7173605 0.9319669067980042 6.219876427970777
65474283 -2.3781047 6.962172 1.7890795 1.0020815558540255 6.229968191905553
65474297 -2.1174967 6.462661 3.0898745 1.0665740506122194 6.240611798866977
65474299 -1.3861176 5.216053 1.4367124 1.1187855154601847 6.251810578962138
65474311 -0.8851094 3.9565723 -2.0734882 1.1583898782875626 6.263405790580564
65474316 0.6622229 1.3958473 -0.9431886 1.172404580410743 6.275177064358385
65474330 1.8949095 -0.5430707 -6.3198576 1.166985143473943 6.286822698517427
65474334 3.6531532 -3.4745746 -7.663763 1.132099431527831 6.298189297194106
65474349 3.8881645 -5.5146823 -9.959839 1.076898752211176 6.308968801709431
65474363 2.5619226 -6.550079 -12.746294 1.0115338907592029 6.319063149265722
65474365 2.6688 -7.7824664 -10.212663 0.933395725548839 6.328434706501223
65474382 2.3258634 -8.099058 -8.749006 0.8525732156911424 6.336942746058763
65474385 0.8747809 -7.2628965 -5.7405624 0.7796516790521034 6.344770669557871
65474398 0.17962646 -5.4247193 1.4632072 0.7253515079066042 6.352031268419763
65474413 -2.0080743 -2.7244844 -1.1792477 0.6981632019711336 6.358998412156707
65474415 -3.9517822 -0.31269974 -1.9062859 0.6950236081360555 6.365976645874074
65474430 -5.9031243 1.1789484 -3.0939162 0.7068246057702012 6.373051794780876
65474433 -5.9073157 1.0166858 -5.853428 0.7170013921421399 6.380228810220892
65474449 -3.2732432 -0.37990996 -3.5823505 0.7131985823172899 6.3873677611414195
65474467 -0.368833 -2.833907 -7.9574523 0.6848318374929945 6.394222767584075
65474469 5.93411 -7.6266403 -1.346001 0.6082582103427489 6.400329852152989
65474487 7.454648 -8.690329 9.226812 0.5210048518556101 6.405560888309993
65474492 0.9009764 -2.911296 12.268936 0.49186346123185937 6.410484326460874
65474497 -4.502487 1.8335371 16.423397 0.5102167367391139 6.415591476094699
65474515 -12.090807 7.2860985 5.2441945 0.5831488775791179 6.421428659902428
65474517 -14.342574 10.747201 3.2756383 0.6907258444025642 6.428342663975051
65474535 -8.346494 6.1228676 -0.83002394 0.7520143100468094 6.435870150495257
65474537 -3.4548156 2.5385711 -1.4897021 0.7774248129254453 6.443651990955234
65474553 1.3097763 -0.6586304 7.23251 0.770811977607269 6.451391161350201
65474567 1.8049465 -1.5904427 6.877448 0.7548920187695691 6.458947453813352
65474570 1.7712666 -3.36141 11.834839 0.7212450955761442 6.466166947727471
65474584 2.6168582 -3.6160305 6.531368 0.6850494768763681 6.473024132689426
65474588 4.0016284 -4.186045 6.0320063 0.6431481484469814 6.479461894515565
65474599 3.2097752 -4.210594 4.534371 0.6010010860117855 6.485477774752289
65474604 1.4675483 -3.2223492 1.1362871 0.5687461248811206 6.491170790375756
65474617 1.1376343 -2.82283 3.735033 0.5404902603287766 6.496580970866436
65474633 1.0448272 -2.6497898 -0.63872176 0.5139664843796837 6.501725655106919
65474635 2.2818549 -2.8466303 4.273014 0.4854723808392923 6.506585120038584
65474649 2.4060965 -2.2135968 3.215164 0.4633147968580239 6.511222792276155
65474654 2.194287 -1.3910573 0.034727782 0.44939063926405315 6.515721087417779
65474665 2.3511608 -0.7893086 2.9346473 0.44148984480040876 6.520140297455607
65474682 1.6384927 0.8020322 -2.467469 0.449517998371374 6.524639866982575
65474684 1.4507831 1.5361056 -3.0283525 0.4648940563068036 6.529293347700997
65474699 1.0609937 2.1851559 -0.060324553 0.4868336396259583 6.5341812952167615
65474704 0.176483 3.237767 -3.3938923 0.5192429294695448 6.539378795437906
65474715 -0.36434233 3.6333942 1.64942 0.5556123519776415 6.544940344512299
65474736 -0.7710466 3.8396654 -2.0248394 0.5940465042790922 6.550886611013251
65474738 -0.6797365 3.7471578 0.039068755 0.631669029158423 6.557228746828336
65474759 -0.48334488 3.3434472 0.35057098 0.6651361533479058 6.563886604081489
65474762 -0.03622467 2.5423133 -2.4625292 0.6905065286347901 6.570777339976354
65474764 0.54636383 1.728755 2.1671934 0.7078637180448787 6.577884492030957
65474784 0.80487627 1.441203 -2.7610085 0.7222898228149719 6.585114444141516
65474785 0.82583266 0.97881454 -0.50639695 0.7320875263619129 6.59244246823983
65474800 0.24040009 1.2775933 -0.4044589 0.7448759358880719 6.5998985020571
65474806 -0.09490265 1.2960049 -2.844834 0.7578486415857969 6.607484389622792
65474820 0.4153862 1.0591974 0.24504043 0.7684509589070831 6.615176403135477
65474824 0.5218149 0.71566176 -5.3619995 0.7756145657013208 6.622940123444339
65474837 1.1843371 0.17408799 -4.8190784 0.7773571457080961 6.630721286571305
65474854 2.3810985 -0.4511618 -4.4259963 0.7728273535390833 6.638480691910978
65474856 2.5502467 -0.5885761 -6.8026037 0.7669358453095284 6.646157539492602
65474871 2.423161 -0.41149428 -1.2564871 0.76281688380766 6.653793158000366
65474874 1.6661851 -0.47870454 -5.174739 0.7580397724650978 6.661357824883659
65474888 1.5881974 -1.4599141 -2.032174 0.7433818218633887 6.668821588752223
65474905 1.9182609 -2.1411474 -2.5894651 0.7219494376670553 6.676048133687102
65474907 3.8179605 -3.756139 -4.435576 0.6843513685693969 6.68289833006391
65474921 4.946763 -4.9243097 -0.09654923 0.6350601804552707 6.689255133866185
65474924 5.4491186 -4.9605346 -5.1230965 0.5854063901486215 6.695114914846477
65474939 5.1671047 -4.4171643 -3.2437546 0.5410568102609477 6.700547278340574
65474955 3.674858 -3.2871642 -6.3819785 0.5082533833799281 6.705619264900161
65474957 2.4733067 -2.7743309 -7.589218 0.48048298349497576 6.710428786651445
65474973 2.902165 -3.7218604 -2.8909383 0.443228031718394 6.714865395533586
65474975 3.2711477 -5.2653008 -4.8136897 0.3905236032839381 6.718774445419935
65474989 3.5560052 -5.7296352 -0.6234535 0.3331713010093581 6.722109411847783
65475006 3.7805383 -5.041067 -4.1275167 0.2827113987137 6.72493928679444
65475007 3.5235229 -5.095404 -3.5128949 0.23170759551577155 6.727258625605975
65475025 2.7990294 -4.9620314 -0.7003935 0.1818873963619086 6.729084826539582
65475027 1.5798148 -4.4447074 -5.309758 0.13753255899327915 6.73045729805385
65475042 -0.24908203 -3.0927186 -1.5003301 0.10648078899759786 6.73152639530945
65475046 -1.9785855 -2.3378384 -1.2323872 0.08307957355436103 6.732358002400109
65475059 -2.6873617 -3.0761032 4.8057566 0.05228850330201881 6.732881398030364
65475067 -2.8475285 -4.3406734 10.118209 0.008839377818586042 6.732969878133914
65475197 0.71281767 0.63093793 5.2380576 0.00631554107908082 6.733033095222279
65475211 0.2722838 2.1761746 5.6363792 0.028098537831001996 6.73331435498281
65475216 -0.24294479 4.233496 7.1398525 0.07047484404595923 6.734019791680597
65475230 -0.87942123 5.397925 5.6874228 0.1245068037831576 6.735266075527367
65475248 -0.97207856 5.7525377 6.5651975 0.18208836034016251 6.737088737405696
65475250 -0.834814 6.816076 5.9772205 0.25031568415493705 6.739594338830217
65475261 -0.8643027 7.420369 5.940397 0.3248182903678801 6.742855606389086
65475264 -0.7575746 7.9650865 5.2552714 0.4043038634947951 6.746890254910259
65475277 -0.91504717 7.9442797 5.429509 0.48406667961992383 6.751750421364513
65475292 -1.1710149 7.887847 4.816684 0.5627814604872486 6.757366557128518
65475296 -1.4593153 8.075407 6.273454 0.6438608323905479 6.763831102098335
65475311 -1.9619701 7.8953314 3.8943017 0.7226503101965391 6.771042609483714
65475314 -2.3770568 8.167465 5.314997 0.8046539722972014 6.779121563082652
65475328 -2.4677682 7.9604464 4.8084507 0.8843361696331551 6.78797356032168
65475346 -2.7687922 7.6901083 2.3767576 0.9613123542233594 6.797596072040364
65475348 -2.3013144 7.110813 6.386769 1.0327069305178045 6.807964741878824
65475362 -2.199077 6.487659 2.6676028 1.0976468787704643 6.818951930285947
65475365 -1.9685564 4.7813573 1.6108003 1.1455071416079912 6.830418187579265
65475379 -0.4658313 2.8331585 3.0428724 1.173866395164254 6.842168315510123
65475396 0.13157639 0.77972853 -2.8231292 1.1816712953114705 6.853996568665107
65475398 0.8279283 -1.3364209 -3.929329 1.1682532513319195 6.86572616192415
65475412 2.3781047 -4.0532713 -7.8466825 1.1276809541480644 6.877013984397829
65475417 3.5042129 -5.933212 -11.619437 1.068290898300441 6.887707325241455
65475430 2.915038 -6.9948044 -10.724897 0.9982745432176011 6.89769981982282
65475435 3.5865417 -8.215666 -10.760822 0.9160376590682882 6.906869141521243
65475447 3.6380346 -8.789572 -7.8838058 0.82805610248961 6.915157789342036
65475456 3.2382162 -7.7824664 -3.6934195 0.7501554348067286 6.92266666970808
65475465 1.9582279 -6.118227 -3.64028 0.6889134202699759 6.929562531150328
65475498 -0.35386413 -2.3730154 3.2030392 0.665232511048159 6.936201051355741
65475499 -1.9940034 -0.0742456 -0.51208514 0.6644870641194076 6.942872690193826
65475500 -3.5097513 2.4768991 -1.6913328 0.6892802425099153 6.949772223440493
65475514 -3.7332368 2.9596453 -2.5562344 0.7189055991186475 6.95696830026376
65475516 -2.8590546 2.4186704 -6.422245 0.7431159215940415 6.964406716006675
65475531 0.11121872 0.8966354 -3.9387593 0.7520910322671851 6.971934971250367
65475537 4.687053 -2.9496162 -2.0592678 0.7224760509403377 6.979188835262531
65475549 4.527934 -4.3604326 8.586893 0.6788291407071548 6.98598375611499
65475557 0.16316071 -4.366121 10.472971 0.6351252973846226 6.992341211087365
65475569 -3.621569 -2.9485683 8.477771 0.6055208338162862 6.998420812226797
65475584 -10.012978 2.586172 6.9946547 0.6313288866116048 7.004720999755858
65475591 -14.939234 7.46812 2.0969894 0.706083013785503 7.011788724794343
65475605 -10.357711 5.007537 -0.3992198 0.7563601062827296 7.019382795067692
65475606 -5.075645 0.9753717 -1.6619939 0.7661233479716266 7.027051509741901
65475618 0.7149133 -2.0625608 2.674189 0.745477597035509 7.034513566046469
65475634 2.2772145 -3.3042288 9.206156 0.7123022049609192 7.0416652817658
65475637 2.9403355 -4.1212296 9.153765 0.6710496605462702 7.048382331842248
65475652 3.6170783 -4.2643323 7.616611 0.6283646963967737 7.0546721147874765
65475655 3.464246 -4.0287223 4.746779 0.5880381290326828 7.060558238858172
65475667 2.6209 -3.3016841 1.8238074 0.5549890466754538 7.066113548792967
65475686 1.6546592 -2.6644592 6.099516 0.5283184332814719 7.0714018926836015
65475687 -0.16899857 -1.0303074 2.0722907 0.5180052971778096 7.076587004495112
65475701 -0.047451325 -0.50250506 0.85127974 0.5129600041262099 7.08173726810422
65475708 1.1163784 -0.36553985 3.4488282 0.5093121913211075 7.086819820770837
65475717 1.6283139 -0.07903565 -0.13561799 0.5085210629868422 7.091909997617407
65475725 2.671345 -0.16944763 3.2819252 0.5068249320242905 7.0969831960831105
65475738 2.397714 0.13651611 -0.14489868 0.5081914263317012 7.102070073343897
65475753 1.883084 0.71281767 -1.1548485 0.5153265636853861 7.107228371144645
65475756 1.7443227 1.5130535 1.1573932 0.530518050898198 7.112554923042789
65475773 0.9852512 2.6271868 -3.8091288 0.5567353992703141 7.118110723662487
65475776 0.66940796 3.1722033 1.016087 0.5885852181597783 7.124020285822428
65475789 -0.7553293 3.945645 -1.6971707 0.6280801983232989 7.130307221008797
65475806 -1.156046 4.22706 -1.7223184 0.6703920782012677 7.137017688839846
65475808 -1.0204281 3.9507344 0.56178176 0.709938004842266 7.144124002142823
65475820 -0.9500743 3.1403196 -3.1078372 0.7414677021941425 7.151568547708212
65475839 0.123642884 2.0603156 1.7027092 0.7620909793261624 7.159196900081978
65475841 0.4963678 1.4151572 -1.932631 0.7762563703252692 7.166967043928687
65475855 1.2472064 0.7300319 0.28485763 0.7835638188924628 7.174810334401867
65475857 1.1487112 0.4869374 0.8095166 0.7884379478729987 7.182702412977158
65475873 0.398172 0.6912625 -2.2766159 0.7953573235783815 7.190663753672564
65475879 0.44023454 0.8162526 2.3228695 0.8035278209934256 7.198706879135198
65475892 0.27378067 0.5774991 -2.6927505 0.8093084511883074 7.206807866544107
65475896 0.60863435 0.3092569 -3.8841228 0.8124040405040807 7.214939840887007
65475910 0.5321434 -0.30147308 -2.6086254 0.8093863655068514 7.2230416090093215
65475924 1.2560381 -1.4289285 -5.9487796 0.7950831270755687 7.231000204266813
65475927 1.975442 -1.1240126 -1.3756393 0.7837977225818812 7.238869755216291
65475939 1.7440233 -0.80307996 -5.51558 0.7757345716813585 7.24665835062459
65475946 1.7880318 -0.63887143 -3.7486546 0.7693591152277948 7.254335976036509
65475957 1.961521 -1.5341597 -3.398832 0.754002537555318 7.261883364246841
65475977 1.8723065 -2.1680915 -5.61662 0.7323004486176993 7.269213520379199
65475978 2.3674767 -3.602708 -0.5974077 0.6962381835576564 7.276182701676876
65475991 2.108665 -4.0676413 -4.667893 0.6555220504583723 7.282744323354282
65476007 2.169738 -4.305347 -1.8519489 0.6124265347820065 7.288874569659641
65476009 2.246678 -4.5223956 -2.9166846 0.567020403011523 7.294567614972651
65476027 2.3294559 -4.2881327 -6.5584617 0.5240971984324767 7.299813705290216
65476029 3.1364279 -3.4082625 -3.3356636 0.4899812918369879 7.304718302875901
65476041 3.787424 -3.7564385 -5.5800962 0.45249486051132337 7.309233861307669
65476059 4.57793 -4.1517663 -1.2925621 0.4108099477556719 7.313358509853161
65476061 4.0830593 -5.1183066 -5.008734 0.359733096486896 7.316948375636811
65476078 2.7418482 -5.242997 -6.823111 0.3070919211369709 7.32003166543204
65476080 1.5057188 -5.5107903 -2.716102 0.25209837757774395 7.322547417662286
65476092 0.6813831 -5.6416183 -3.9854622 0.1954549337517013 7.3245098405109
65476096 1.4447955 -4.6117597 -0.8273296 0.14929229868055435 7.326004221486294
65476118 2.0613635 -4.566853 -2.8398943 0.10357917289638371 7.327041024665881
65476120 0.87687653 -5.338948 -1.8747015 0.050137555002635434 7.32754288985927
65476128 -2.5920098 -4.459227 6.7100964 0.005501735339786963 7.327597960942615
65476266 0.024998017 0.63782364 5.9709334 0.006384465398682952 7.327661867947291
65476279 -1.1928694 1.6404387 2.7753785 0.02280487104115725 7.327890139347268
65476289 -1.7462686 2.8792624 8.046517 0.05162561439178992 7.328406899666936
65476299 -1.7742604 3.0855336 5.582491 0.08251108390238238 7.329232816309205
65476314 -1.7086967 4.0501275 6.8985543 0.12317551025127793 7.330469533290797
65476318 -1.3834232 5.5333934 7.331155 0.1783946151020546 7.332249777396765
65476330 -1.4784755 6.169271 5.712421 0.2403358417682271 7.334662817263161
65476346 -1.2395723 6.1845393 5.6155725 0.30224163316005465 7.3376881852865505
65476350 -1.5867004 6.1810966 6.360274 0.36411295710592745 7.3413328704206355
65476363 -2.0901036 7.002289 3.6437228 0.4342042296421213 7.345679153155563
65476368 -2.2841003 7.7068734 6.7532067 0.5113482291369171 7.350797629273738
65476381 -2.4718099 7.9585004 4.079467 0.5910109477460237 7.356713509973103
65476397 -2.7601104 7.879764 5.7212524 0.6698855423225055 7.363418907498534
65476399 -2.7993288 7.284003 4.0635996 0.7430189916156722 7.37087902844873
65476415 -2.82762 6.798413 3.4771192 0.8143890487137437 7.3794285229584125
65476417 -2.5773404 6.6431856 4.8816485 0.8776420342611337 7.3877849775453575
65476431 -2.4801924 6.0906844 1.0196795 0.9387942355311628 7.3972107382876535
65476449 -1.7994081 5.7534356 3.7538939 0.9963847739471599 7.407184315724443
65476451 -1.4644047 5.1307306 -0.4700226 1.0475856073148204 7.417638432301068
65476466 -0.67329985 3.6178267 -0.10822494 1.0839096112298907 7.428521191544236
65476468 0.05867798 1.8950592 -0.21420456 1.1028787106577451 7.439560749364302
65476482 0.85502195 -0.6664142 -6.012098 1.0962080604440594 7.450533535536661
65476490 1.6711249 -2.7571166 -6.6758175 1.0686099716392123 7.461230070229426
65476499 2.8286676 -5.67919 -10.744357 1.0115892952336036 7.4713867130333425
65476513 3.8546343 -7.370074 -11.981833 0.9380414936817443 7.480747662671124
65476518 5.437443 -8.334369 -9.506881 0.8546164215138375 7.489302172215619
65476530 5.377118 -8.326884 -9.138347 0.7712662584649159 7.497022366986548
65476536 4.074078 -7.8445873 -7.467072 0.692743782809179 7.503956569457679
65476549 1.5148499 -5.324877 0.43888733 0.6392805076199777 7.510375127309848
65476556 -0.32093263 -2.8132498 -0.99198717 0.611206389916063 7.516474507454005
65476566 -2.8101063 0.52765274 1.57727 0.6165041727561928 7.522664383819158
65476581 -4.236041 1.7112415 -2.617457 0.6335810759098068 7.528987046503769
65476586 -4.404291 2.4117846 -4.63571 0.6577224758876405 7.535570694580344
65476598 -1.3629158 0.7300319 -4.324657 0.6650299237248023 7.542227487834797
65476615 3.455564 -2.6366172 -6.783444 0.6386380026845334 7.548620104800377
65476616 6.6738715 -6.4189515 3.2168107 0.5739940193847454 7.554400684344791
65476635 2.5842261 -6.2912674 10.647209 0.5110199112084377 7.559515873566308
65476638 -0.6433621 -3.6440222 9.967024 0.47454410142403913 7.564265948978243
65476652 -7.4544983 0.43035507 11.822266 0.4788518545615323 7.569059143512218
65476660 -15.12395 6.339916 2.4165747 0.5423129324759076 7.574487569065076
65476669 -16.036602 8.683891 3.1341825 0.6295016586328671 7.58080794386672
65476684 -10.840607 3.6095939 -5.8240886 0.6655226910234692 7.587449359850071
65476687 -2.3523583 -0.16525635 1.1910732 0.6638634703242908 7.5941147376293525
65476703 -0.2802173 -1.3630655 8.065977 0.6502195051780079 7.600623282074601
65476712 -0.9086105 -2.4530988 9.637559 0.6256645604758184 7.606886037919456
65476729 -0.7450008 -3.1058912 13.650114 0.594575319170758 7.612837597139156
65476732 0.7882608 -3.5028658 5.308411 0.5595124522702319 7.618438185860467
65476739 2.5352778 -4.0483313 5.300627 0.5189896036603286 7.62363315034954
65476754 3.2389646 -3.9646554 5.170548 0.47930433480712914 7.62843087410444
65476756 2.0447478 -1.9699036 1.5087126 0.45952594332802843 7.633044645080822
65476773 2.2040167 -2.1148024 3.9029837 0.4384218061012676 7.637419765012514
65476777 1.8601817 -2.1460872 0.07694 0.4169399778635838 7.641593236210034
65476786 2.1137545 -1.6666342 3.7586837 0.4002064988179897 7.645611422716605
65476801 1.6814533 -0.7041357 0.19968475 0.39317975317861703 7.6495350613753335
65476806 1.1573932 0.38694534 -0.9199869 0.39705298507040454 7.653509468448437
65476818 1.3201048 1.7097446 1.7694703 0.41421930443741883 7.657668347489052
65476838 1.017584 2.2121 -1.4606625 0.4373070189852055 7.662232526093884
65476839 0.5466632 2.4412735 -0.029788055 0.46062606787028537 7.666632427215434
65476854 -0.762664 1.5142511 3.877836 0.47582957757724714 7.67140989083408
65476859 -1.5992743 0.366438 -1.2760963 0.4794975362247115 7.676209548969266
65476884 -1.2906162 -0.044607237 2.1029768 0.47904966694157025 7.681019343196414
65476886 -1.5808625 0.07529343 -3.384911 0.47980103874428637 7.685807396752701
65476889 -1.344055 1.1030562 -3.7208126 0.49084237311504203 7.690720614050468
65476904 -0.44816804 0.56058425 -3.225792 0.4964536896913378 7.695689998817661
65476907 -0.39877075 0.7503896 -5.4751644 0.5039649137555191 7.700734569676564
65476921 -1.205593 0.37257522 -1.1579919 0.5077056744377041 7.7058320783286245
65476926 -2.107318 0.54621416 -3.1976504 0.5131731503982566 7.710968821481594
65476938 -0.24429199 2.655478 1.2789404 0.5397538611473416 7.716371630789522
65476956 1.7130377 5.154082 2.3625371 0.5913450141248263 7.722290856006178
65476959 2.8252249 6.437962 -0.92148376 0.6557875078143205 7.728855135505123
65476973 3.6012113 4.7346544 0.043409728 0.7033247781643333 7.735916715318805
65476980 3.3563204 1.0749147 -3.9674995 0.7140844216446425 7.743064532569629
65476991 3.8583765 -0.9939331 -4.6966333 0.7041353840778984 7.750112762996569
65476998 3.4413438 -0.9662407 -3.3076715 0.6944635407305866 7.7570641805348135
65477010 3.826343 0.87927157 -5.7914567 0.7032648424861153 7.764103696340862
65477022 3.643573 0.6493497 -1.1437715 0.7097646809300192 7.771208274712036
65477027 3.1323862 0.5601352 -7.974517 0.7153715030674282 7.7783689760608095
65477040 3.1061907 0.798739 -4.970414 0.7233666929144806 7.785609706665711
65477047 2.3911276 -1.1018586 -0.3080594 0.7123373460044855 7.792740036812277
65477057 1.0130932 -1.1530522 2.0890558 0.7007603754941996 7.799775869297425
65477072 1.4799724 -0.85532135 3.5034645 0.692198808948783 7.806704617400481
65477076 3.524421 -1.0341994 -2.1725821 0.6818782770835125 7.81350924983331
65477089 5.8933945 -4.7198353 -0.5628296 0.6346338350782692 7.819861785383493
65477108 7.786508 -5.690267 -4.882846 0.5775019431889522 7.82566006832616
65477109 7.921228 -3.2796798 -4.7071114 0.5446731160838869 7.831112118764651
65477122 7.199728 -3.1734009 0.04550537 0.5121333617712649 7.836363486115717
65477127 5.2653008 -4.5643086 -3.337759 0.46769932418300614 7.840916589548166
65477142 5.059329 -6.100564 -0.31150222 0.4064479351333664 7.84499744184167
65477151 3.031945 -6.2569885 -3.4328115 0.3417165168804672 7.84853265605668
65477159 -0.33156052 -6.6282167 -1.926943 0.2775946708725403 7.851218126889517
65477168 -1.1096425 -7.335346 2.8313622 0.2041695716620987 7.8532618165261745
65477179 -0.7319778 -8.510552 -2.2171893 0.11898094205474072 7.854452787795621
65477191 0.31644195 -8.766669 0.5249584 0.031228634028852273 7.85476537911475
65477370 -11.768677 0.54501665 -1.873055 0.005472121369418264 7.854820320761909
65477382 -12.402908 3.3811688 -3.1392717 0.03931683028748906 7.855213873032948
65477389 -11.2887745 2.1456382 -0.57944506 0.06079416471940792 7.855822408335161
65477400 -10.153985 1.7230668 -1.9056871 0.07804166025777519 7.856603587092593
65477416 -6.851552 1.2943584 -2.9312046 0.09099788468852579 7.85751445462482
65477419 -8.871002 2.081721 -1.3391153 0.11183542336903513 7.8586339009314194
65477431 -7.336394 3.340603 -5.4351974 0.1453760240159875 7.860093517353954
65477437 -6.8018556 1.1096425 -0.7550299 0.15644942288081037 7.861654765100789
65477449 -6.225554 1.5007792 0.651595 0.17151767028655207 7.863376851049966
65477465 -4.9792457 2.9265642 0.22393432 0.200811890352265 7.8653869308815985
65477467 -4.31358 0.61117905 -2.5225544 0.2069296496647384 7.867458248253205
65477482 -1.6681311 3.124752 -9.789343 0.23820768643998408 7.869842651453871
65477502 2.2623954 3.9531295 -4.7096562 0.2777775840493741 7.872623139792473
65477504 4.244274 3.394042 -8.282127 0.3118547263946242 7.875754249500362
65477520 7.149133 3.6232154 -1.9229013 0.3480116954204466 7.879227144863875
65477531 6.0641894 3.2937505 -2.5209076 0.41395103615235845 7.887514250464609
65477549 6.279891 3.8399649 3.4164953 0.452388182075663 7.892042549855964
65477551 5.008285 4.6782217 -1.0309062 0.4992160866145672 7.897039586066412
65477567 3.484005 4.8581476 0.6120772 0.5478450074957832 7.902523386395713
65477570 2.2330563 4.7023215 1.1907737 0.594914140959402 7.908478337141894
65477587 1.4111155 3.961512 -0.9096584 0.6345679499742173 7.914830213832235
65477590 -0.633782 3.0802946 3.748954 0.6654009751417731 7.921490721224175
65477607 -4.049679 4.3060956 1.8564395 0.7086353978982104 7.928605621871526
65477611 -6.3426104 5.2847605 3.664829 0.7615346083358372 7.936228404340334
65477621 -8.390352 4.491709 5.074148 0.8064955666915034 7.9443012362429535
65477647 -8.105195 3.4200878 3.7733533 0.8407298454124087 7.952716745264748
65477650 -6.7584457 1.5983762 2.5783882 0.8567292151045572 7.9612924033765795
65477658 -4.5767326 1.4212945 4.6720843 0.8852262384857211 7.979041232834304
65477670 -3.874992 0.72015244 3.8971457 0.8924347958712968 7.987974296311234
65477689 -3.5756145 0.62839323 0.5400769 0.8987248644594396 7.996970321004129
65477691 -2.3388863 0.15911911 4.182153 0.9003176095595071 8.0059822896015
65477705 -1.5269747 -0.33275804 -1.972598 0.8969867797848933 8.014960916475253
65477709 -1.626817 -0.63842237 0.87687653 0.8905963212524586 8.02387557725145
65477722 -3.0138328 -0.21689896 0.8580158 0.8884252133886339 8.03276850574597
65477736 -3.8851707 -1.4632072 -2.9576995 0.8737788527211572 8.04151482672368
65477740 -4.083209 -1.7203724 -1.0653347 0.8565058248535395 8.050114388452863
65477756 -3.947142 -1.5775695 -5.003196 0.8407147250404144 8.058529745282557
65477770 -2.569407 -0.30880782 0.58303756 0.8376236310224264 8.066914161825162
65477772 -1.7663269 -1.2626244 -1.5730788 0.82494652489468 8.075196858394971
65477787 0.6382727 -3.3265324 0.15687378 0.7916487143406983 8.083121076779722
65477791 1.7110918 -4.4854226 2.7385552 0.7467506880765338 8.090595875680958
65477805 0.058228914 -4.2170305 1.228645 0.7045391993043494 8.097648148203822
65477808 -0.98944247 -3.423381 4.445306 0.6703764304070906 8.10433800085621
65477824 -1.5899936 -2.7017317 1.7363892 0.6433327311789803 8.11077761031212
65477828 -2.038461 -3.509452 1.2478051 0.608096835364715 8.116883075238682
65477841 -1.337319 -4.6355605 3.8468504 0.5616959639908828 8.12250551983968
65477856 -1.961072 -4.5141625 -0.66506696 0.516510253275155 8.127675666611564
65477859 -2.3589447 -3.8455033 2.0950434 0.4780176647873248 8.132460511579952
65477873 -2.2484744 -2.7996283 -3.5042129 0.44999404383987324 8.136964846210189
65477889 -2.0703447 -2.6173072 -0.6156697 0.4237155389932274 8.141219070133179
65477890 -2.0181034 -2.7731333 -2.4637268 0.39604175427607957 8.145171269017455
65477904 -1.9619701 -2.9744647 1.1603869 0.36626805910503474 8.148837526582371
65477911 -2.6821225 -3.7763472 0.92567503 0.32858295425791256 8.152116537371484
65477921 -2.5691075 -4.026926 4.4649153 0.28815147718972295 8.155009659749336
65477928 -2.378853 -4.7657895 4.3574386 0.240447039401184 8.157416478349134
65477941 -1.929338 -4.706812 4.164041 0.19318931584814636 8.159356153752826
65477955 -0.3329077 -4.547992 1.9179616 0.14766497786141675 8.160834245627614
65477958 0.32871643 -4.3165736 0.07469467 0.10458881919875043 8.161877963392426
65477973 0.10538086 -4.582421 0.03891907 0.05858001728103583 8.162466123344073
65477978 -0.6224057 -4.5162582 -0.22707778 0.013373329105605535 8.16259998723906
65478352 -0.67135394 0.32856673 -0.49936157 0.003288875754342973 8.162632908112476
65478363 -0.4644841 0.59785676 -1.5398479 0.009273282023711622 8.162725731495586
65478369 0.23082 0.11585907 -1.5388 0.010433004076821215 8.16283016341464
65478382 0.6652167 -0.4445755 -0.6379733 0.005982907466926344 8.162890050918383
65478619 -1.1578423 0.069455564 -0.84229845 6.952339432588816E-4 8.162897010047471
65478705 -0.43364823 0.16735199 -0.7373666 0.0016751541015733778 8.162913777946367
65478723 -0.38080812 0.1393602 -0.8764275 0.003070117136719227 8.162944509100498
65478725 -0.29773086 0.10957214 -1.3747412 0.004166908641887486 8.162986218880947
65478736 -0.11391312 -0.3930826 -1.837429 2.322443012962045E-4 8.162988543591826
65478753 -0.63108766 0.5578899 -2.189497 0.005567321456734657 8.16304410127334
